1	1	
2	2	
3	2	
4	2	
5	3	
6	2	
7	2	
8	3	
9	2	
10	3	
11	3	
12	3	
13	3	
14	4	
15	4	
16	4	
17	4	
18	5	
19	5	
20	5	
21	6	
22	6	
23	7	
24	7	
25	8	
26	8	
27	8	
28	9	
29	9	
30	9	
31	9	
32	9	
33	9	
34	10	
35	10	
36	10	
37	10	
38	10	
39	10	
40	10	
41	11	
42	11	
43	11	
44	11	
45	11	
46	11	
47	11	
48	11	
49	12	
50	12	
51	13	
52	13	
53	13	
54	13	
55	13	
56	13	
57	13	
58	13	
59	13	
60	13	
61	13	
62	13	
63	13	
64	14	
65	14	
66	14	
67	14	
68	14	
69	14	
70	14	
71	15	
72	16	
73	16	
74	16	
75	16	
76	16	
77	17	
78	16	
79	16	
80	16	
81	16	
82	16	
83	16	
84	17	
85	18	
86	18	
87	18	
88	18	
89	19	
90	20	
91	21	
92	20	
93	19	
94	18	
95	19	
96	18	
97	18	
98	18	
99	19	
100	19	
101	19	
102	20	
103	21	
104	20	
105	20	
106	21	
107	21	
108	21	
109	21	
110	21	
111	21	
112	22	
113	22	
114	22	
115	22	
116	22	
117	23	
118	24	
119	24	
120	24	
121	25	
122	25	
123	24	
124	24	
125	25	
126	26	
127	25	
128	25	
129	25	
130	25	
131	25	
132	25	
133	25	
134	25	
135	25	
136	25	
137	25	
138	25	
139	25	
140	25	
141	26	
142	26	
143	27	
144	26	
145	26	
146	26	
147	27	
148	27	
149	27	
150	27	
151	27	
152	27	
153	27	
154	27	
155	28	
156	27	
157	27	
158	28	
159	29	
160	28	
161	28	
162	28	
163	28	
164	28	
165	28	
166	28	
167	28	
168	28	
169	29	
170	30	
171	30	
172	31	
173	30	
174	30	
175	30	
176	31	
177	30	
178	30	
179	30	
180	30	
181	31	
182	30	
183	30	
184	31	
185	31	
186	31	
187	31	
188	31	
189	31	
190	31	
191	31	
192	32	
193	32	
194	33	
195	33	
196	33	
197	33	
198	34	
199	34	
200	34	
201	34	
202	34	
203	34	
204	34	
205	35	
206	35	
207	36	
208	37	
209	37	
210	36	
211	37	
212	36	
213	35	
214	36	
215	36	
216	36	
217	36	
218	36	
219	36	
220	36	
221	36	
222	37	
223	37	
224	37	
225	37	
226	37	
227	37	
228	37	
229	37	
230	38	
231	38	
232	39	
233	40	
234	40	
235	40	
236	41	
237	41	
238	42	
239	43	
240	42	
241	42	
242	42	
243	43	
244	43	
245	43	
246	43	
247	43	
248	44	
249	44	
250	45	
251	45	
252	45	
253	45	
254	45	
255	46	
256	45	
257	45	
258	45	
259	45	
260	45	
261	46	
262	46	
263	47	
264	48	
265	49	
266	48	
267	48	
268	49	
269	49	
270	48	
271	48	
272	48	
273	48	
274	48	
275	48	
276	49	
277	48	
278	48	
279	48	
280	48	
281	48	
282	48	
283	48	
284	48	
285	49	
286	48	
287	49	
288	48	
289	48	
290	48	
291	49	
292	49	
293	49	
294	49	
295	50	
296	51	
297	51	
298	50	
299	50	
300	51	
301	52	
302	52	
303	53	
304	54	
305	54	
306	53	
307	53	
308	53	
309	53	
310	53	
311	54	
312	53	
313	53	
314	53	
315	53	
316	54	
317	54	
318	54	
319	54	
320	55	
321	56	
322	57	
323	56	
324	56	
325	56	
326	56	
327	57	
328	58	
329	58	
330	58	
331	59	
332	59	
333	60	
334	59	
335	60	
336	60	
337	60	
338	60	
339	60	
340	60	
341	61	
342	62	
343	62	
344	62	
345	63	
346	64	
347	65	
348	66	
349	67	
350	67	
351	68	
352	69	
353	69	
354	69	
355	69	
356	69	
357	70	
358	70	
359	71	
360	72	
361	73	
362	73	
363	74	
364	75	
365	74	
366	74	
367	74	
368	74	
369	75	
370	74	
371	74	
372	74	
373	74	
374	74	
375	74	
376	74	
377	74	
378	74	
379	74	
380	74	
381	74	
382	74	
383	74	
384	75	
385	75	
386	75	
387	75	
388	75	
389	75	
390	76	
391	77	
392	77	
393	77	
394	78	
395	77	
396	78	
397	78	
398	78	
399	79	
400	78	
401	79	
402	79	
403	80	
404	81	
405	82	
406	83	
407	82	
408	83	
409	84	
410	85	
411	85	
412	85	
413	84	
414	84	
415	85	
416	85	
417	85	
418	85	
419	86	
420	87	
421	87	
422	87	
423	87	
424	87	
425	87	
426	87	
427	87	
428	87	
429	87	
430	88	
431	88	
432	88	
433	88	
434	88	
435	88	
436	88	
437	89	
438	88	
439	88	
440	88	
441	89	
442	89	
443	89	
444	90	
445	90	
446	90	
447	90	
448	90	
449	90	
450	90	
451	90	
452	91	
453	90	
454	90	
455	90	
456	90	
457	90	
458	90	
459	91	
460	90	
461	90	
462	90	
463	90	
464	91	
465	91	
466	92	
467	92	
468	92	
469	92	
470	92	
471	92	
472	93	
473	94	
474	94	
475	95	
476	95	
477	95	
478	95	
479	96	
480	96	
481	96	
482	96	
483	96	
484	96	
485	96	
486	96	
487	97	
488	98	
489	99	
490	98	
491	99	
492	99	
493	98	
494	99	
495	99	
496	99	
497	100	
498	101	
499	102	
500	102	
501	103	
502	104	
503	103	
504	102	
505	102	
506	101	
507	102	
508	101	
509	101	
510	102	
511	102	
512	103	
513	103	
514	103	
515	104	
516	104	
517	104	
518	105	
519	105	
520	105	
521	105	
522	105	
523	105	
524	105	
525	106	
526	106	
527	106	
528	107	
529	107	
530	107	
531	107	
532	107	
533	108	
534	108	
535	108	
536	109	
537	108	
538	108	
539	109	
540	110	
541	110	
542	110	
543	110	
544	110	
545	110	
546	111	
547	111	
548	111	
549	111	
550	112	
551	111	
552	112	
553	111	
554	111	
555	111	
556	112	
557	111	
558	112	
559	113	
560	113	
561	112	
562	113	
563	113	
564	114	
565	115	
566	115	
567	115	
568	115	
569	115	
570	115	
571	115	
572	115	
573	116	
574	116	
575	117	
576	117	
577	118	
578	118	
579	118	
580	119	
581	120	
582	120	
583	121	
584	121	
585	121	
586	122	
587	122	
588	122	
589	122	
590	122	
591	123	
592	124	
593	124	
594	125	
595	126	
596	127	
597	127	
598	127	
599	128	
600	128	
601	128	
602	128	
603	128	
604	128	
605	128	
606	128	
607	128	
608	128	
609	128	
610	128	
611	128	
612	128	
613	128	
614	128	
615	128	
616	128	
617	129	
618	129	
619	129	
620	129	
621	130	
622	130	
623	130	
624	130	
625	130	
626	131	
627	131	
628	131	
629	131	
630	131	
631	131	
632	131	
633	132	
634	131	
635	131	
636	131	
637	131	
638	132	
639	133	
640	134	
641	133	
642	133	
643	133	
644	133	
645	134	
646	133	
647	133	
648	133	
649	133	
650	134	
651	135	
652	135	
653	136	
654	136	
655	135	
656	134	
657	134	
658	135	
659	135	
660	136	
661	137	
662	136	
663	136	
664	137	
665	137	
666	137	
667	138	
668	138	
669	138	
670	139	
671	140	
672	141	
673	141	
674	141	
675	141	
676	141	
677	141	
678	141	
679	141	
680	142	
681	142	
682	141	
683	141	
684	142	
685	142	
686	143	
687	143	
688	143	
689	144	
690	144	
691	144	
692	144	
693	144	
694	144	
695	144	
696	144	
697	144	
698	144	
699	144	
700	144	
701	145	
702	146	
703	146	
704	145	
705	145	
706	146	
707	146	
708	146	
709	146	
710	147	
711	146	
712	147	
713	147	
714	148	
715	147	
716	147	
717	147	
718	148	
719	148	
720	148	
721	148	
722	148	
723	148	
724	148	
725	148	
726	148	
727	148	
728	148	
729	148	
730	148	
731	149	
732	149	
733	149	
734	149	
735	150	
736	150	
737	150	
738	151	
739	151	
740	152	
741	152	
742	152	
743	153	
744	153	
745	152	
746	152	
747	152	
748	152	
749	152	
750	153	
751	154	
752	155	
753	155	
754	155	
755	155	
756	156	
757	156	
758	156	
759	156	
760	156	
761	157	
762	157	
763	158	
764	159	
765	158	
766	158	
767	159	
768	160	
769	159	
770	159	
771	160	
772	161	
773	161	
774	160	
775	161	
776	162	
777	163	
778	163	
779	163	
780	163	
781	163	
782	163	
783	163	
784	163	
785	163	
786	163	
787	164	
788	165	
789	166	
790	166	
791	166	
792	166	
793	166	
794	167	
795	167	
796	167	
797	167	
798	167	
799	167	
800	167	
801	167	
802	167	
803	168	
804	167	
805	167	
806	168	
807	169	
808	170	
809	170	
810	170	
811	171	
812	171	
813	170	
814	171	
815	171	
816	172	
817	172	
818	172	
819	172	
820	172	
821	172	
822	173	
823	172	
824	172	
825	172	
826	173	
827	173	
828	173	
829	173	
830	173	
831	174	
832	175	
833	176	
834	176	
835	176	
836	177	
837	178	
838	178	
839	179	
840	178	
841	178	
842	178	
843	178	
844	178	
845	178	
846	178	
847	178	
848	179	
849	179	
850	180	
851	181	
852	180	
853	180	
854	180	
855	180	
856	181	
857	180	
858	180	
859	181	
860	181	
861	181	
862	181	
863	181	
864	181	
865	181	
866	181	
867	181	
868	181	
869	181	
870	181	
871	181	
872	181	
873	182	
874	183	
875	183	
876	183	
877	184	
878	184	
879	185	
880	185	
881	185	
882	185	
883	186	
884	186	
885	186	
886	186	
887	186	
888	186	
889	186	
890	186	
891	186	
892	187	
893	187	
894	187	
895	187	
896	187	
897	187	
898	187	
899	188	
900	188	
901	188	
902	188	
903	189	
904	190	
905	191	
906	191	
907	192	
908	191	
909	190	
910	191	
911	191	
912	191	
913	192	
914	193	
915	194	
916	193	
917	193	
918	193	
919	193	
920	193	
921	193	
922	193	
923	194	
924	194	
925	195	
926	196	
927	196	
928	197	
929	197	
930	197	
931	197	
932	197	
933	197	
934	197	
935	197	
936	198	
937	198	
938	198	
939	198	
940	198	
941	199	
942	199	
943	199	
944	199	
945	199	
946	200	
947	200	
948	200	
949	200	
950	201	
951	201	
952	201	
953	202	
954	202	
955	202	
956	203	
957	203	
958	203	
959	204	
960	204	
961	204	
962	205	
963	205	
964	206	
965	206	
966	207	
967	207	
968	207	
969	208	
970	208	
971	209	
972	209	
973	210	
974	210	
975	211	
976	211	
977	212	
978	213	
979	214	
980	213	
981	213	
982	213	
983	213	
984	213	
985	214	
986	214	
987	213	
988	213	
989	213	
990	214	
991	215	
992	216	
993	215	
994	214	
995	214	
996	214	
997	215	
998	214	
999	215	
1000	215	
1001	215	
1002	215	
1003	215	
1004	215	
1005	216	
1006	216	
1007	215	
1008	215	
1009	215	
1010	216	
1011	216	
1012	216	
1013	216	
1014	216	
1015	216	
1016	216	
1017	216	
1018	216	
1019	216	
1020	217	
1021	218	
1022	219	
1023	218	
1024	217	
1025	217	
1026	217	
1027	217	
1028	217	
1029	218	
1030	218	
1031	218	
1032	218	
1033	219	
1034	218	
1035	218	
1036	219	
1037	219	
1038	219	
1039	218	
1040	218	
1041	218	
1042	218	
1043	219	
1044	220	
1045	220	
1046	220	
1047	220	
1048	220	
1049	221	
1050	221	
1051	221	
1052	221	
1053	222	
1054	222	
1055	222	
1056	223	
1057	223	
1058	223	
1059	223	
1060	223	
1061	222	
1062	221	
1063	222	
1064	221	
1065	222	
1066	221	
1067	220	
1068	219	
1069	220	
1070	221	
1071	220	
1072	220	
1073	219	
1074	218	
1075	219	
1076	218	
1077	218	
1078	217	
1079	216	
1080	216	
1081	215	
1082	214	
1083	213	
1084	212	
1085	211	
1086	210	
1087	211	
1088	210	
1089	209	
1090	210	
1091	209	
1092	210	
1093	210	
1094	209	
1095	208	
1096	209	
1097	208	
1098	207	
1099	206	
1100	205	
1101	204	
1102	203	
1103	204	
1104	205	
1105	206	
1106	205	
1107	204	
1108	203	
1109	203	
1110	204	
1111	205	
1112	204	
1113	205	
1114	204	
1115	203	
1116	203	
1117	202	
1118	201	
1119	200	
1120	200	
1121	199	
1122	198	
1123	198	
1124	197	
1125	196	
1126	195	
1127	194	
1128	195	
1129	196	
1130	196	
1131	195	
1132	194	
1133	195	
1134	195	
1135	194	
1136	193	
1137	194	
1138	194	
1139	193	
1140	193	
1141	194	
1142	193	
1143	194	
1144	195	
1145	195	
1146	194	
1147	194	
1148	193	
1149	194	
1150	194	
1151	194	
1152	193	
1153	192	
1154	191	
1155	191	
1156	190	
1157	191	
1158	190	
1159	189	
1160	188	
1161	188	
1162	187	
1163	187	
1164	187	
1165	188	
1166	189	
1167	190	
1168	189	
1169	189	
1170	189	
1171	190	
1172	191	
1173	190	
1174	190	
1175	191	
1176	192	
1177	193	
1178	192	
1179	192	
1180	192	
1181	191	
1182	192	
1183	191	
1184	191	
1185	190	
1186	190	
1187	189	
1188	189	
1189	190	
1190	191	
1191	192	
1192	193	
1193	193	
1194	192	
1195	193	
1196	193	
1197	192	
1198	191	
1199	192	
1200	191	
1201	192	
1202	191	
1203	191	
1204	192	
1205	191	
1206	192	
1207	193	
1208	193	
1209	193	
1210	193	
1211	192	
1212	193	
1213	193	
1214	193	
1215	194	
1216	193	
1217	192	
1218	193	
1219	192	
1220	193	
1221	193	
1222	193	
1223	194	
1224	194	
1225	194	
1226	193	
1227	194	
1228	193	
1229	192	
1230	193	
1231	193	
1232	194	
1233	193	
1234	192	
1235	191	
1236	190	
1237	189	
1238	188	
1239	189	
1240	189	
1241	190	
1242	191	
1243	191	
1244	190	
1245	190	
1246	191	
1247	192	
1248	192	
1249	193	
1250	192	
1251	191	
1252	190	
1253	189	
1254	188	
1255	187	
1256	188	
1257	188	
1258	188	
1259	187	
1260	188	
1261	189	
1262	189	
1263	190	
1264	190	
1265	190	
1266	189	
1267	188	
1268	187	
1269	188	
1270	187	
1271	186	
1272	185	
1273	184	
1274	183	
1275	182	
1276	181	
1277	180	
1278	179	
1279	178	
1280	179	
1281	180	
1282	180	
1283	181	
1284	182	
1285	182	
1286	182	
1287	181	
1288	182	
1289	182	
1290	181	
1291	181	
1292	180	
1293	181	
1294	181	
1295	180	
1296	180	
1297	180	
1298	179	
1299	179	
1300	178	
1301	177	
1302	177	
1303	176	
1304	177	
1305	178	
1306	178	
1307	177	
1308	177	
1309	176	
1310	177	
1311	177	
1312	177	
1313	176	
1314	175	
1315	174	
1316	175	
1317	176	
1318	175	
1319	174	
1320	173	
1321	174	
1322	174	
1323	174	
1324	174	
1325	174	
1326	175	
1327	175	
1328	176	
1329	175	
1330	176	
1331	176	
1332	176	
1333	176	
1334	175	
1335	175	
1336	176	
1337	176	
1338	176	
1339	176	
1340	175	
1341	176	
1342	175	
1343	175	
1344	175	
1345	176	
1346	176	
1347	177	
1348	177	
1349	178	
1350	179	
1351	178	
1352	178	
1353	178	
1354	178	
1355	179	
1356	179	
1357	179	
1358	180	
1359	180	
1360	180	
1361	180	
1362	179	
1363	178	
1364	178	
1365	179	
1366	179	
1367	178	
1368	177	
1369	178	
1370	177	
1371	176	
1372	175	
1373	175	
1374	175	
1375	174	
1376	175	
1377	174	
1378	175	
1379	176	
1380	176	
1381	175	
1382	174	
1383	174	
1384	173	
1385	172	
1386	172	
1387	171	
1388	170	
1389	171	
1390	171	
1391	171	
1392	170	
1393	169	
1394	168	
1395	168	
1396	168	
1397	167	
1398	168	
1399	167	
1400	167	
1401	166	
1402	165	
1403	165	
1404	166	
1405	166	
1406	167	
1407	167	
1408	167	
1409	168	
1410	168	
1411	168	
1412	167	
1413	166	
1414	166	
1415	167	
1416	167	
1417	168	
1418	167	
1419	168	
1420	167	
1421	167	
1422	167	
1423	168	
1424	168	
1425	167	
1426	168	
1427	168	
1428	168	
1429	168	
1430	169	
1431	169	
1432	168	
1433	168	
1434	168	
1435	167	
1436	166	
1437	166	
1438	166	
1439	166	
1440	166	
1441	166	
1442	167	
1443	168	
1444	167	
1445	167	
1446	168	
1447	168	
1448	168	
1449	168	
1450	169	
1451	169	
1452	169	
1453	170	
1454	169	
1455	170	
1456	171	
1457	171	
1458	171	
1459	171	
1460	172	
1461	171	
1462	171	
1463	170	
1464	171	
1465	172	
1466	171	
1467	170	
1468	170	
1469	171	
1470	170	
1471	170	
1472	169	
1473	169	
1474	168	
1475	169	
1476	168	
1477	169	
1478	170	
1479	171	
1480	171	
1481	172	
1482	173	
1483	173	
1484	172	
1485	173	
1486	173	
1487	174	
1488	173	
1489	173	
1490	173	
1491	174	
1492	174	
1493	173	
1494	174	
1495	173	
1496	173	
1497	173	
1498	173	
1499	173	
1500	173	
1501	173	
1502	174	
1503	174	
1504	173	
1505	172	
1506	171	
1507	172	
1508	173	
1509	173	
1510	172	
1511	172	
1512	173	
1513	172	
1514	172	
1515	173	
1516	173	
1517	173	
1518	174	
1519	173	
1520	172	
1521	171	
1522	171	
1523	172	
1524	172	
1525	172	
1526	171	
1527	170	
1528	169	
1529	169	
1530	168	
1531	167	
1532	167	
1533	167	
1534	166	
1535	165	
1536	164	
1537	164	
1538	165	
1539	165	
1540	165	
1541	166	
1542	166	
1543	165	
1544	166	
1545	165	
1546	165	
1547	166	
1548	166	
1549	166	
1550	167	
1551	166	
1552	166	
1553	165	
1554	166	
1555	165	
1556	165	
1557	165	
1558	165	
1559	164	
1560	163	
1561	163	
1562	162	
1563	163	
1564	163	
1565	164	
1566	164	
1567	165	
1568	165	
1569	164	
1570	164	
1571	163	
1572	163	
1573	164	
1574	163	
1575	163	
1576	163	
1577	164	
1578	165	
1579	164	
1580	165	
1581	165	
1582	166	
1583	166	
1584	165	
1585	165	
1586	165	
1587	165	
1588	166	
1589	167	
1590	168	
1591	167	
1592	168	
1593	169	
1594	169	
1595	168	
1596	168	
1597	167	
1598	167	
1599	166	
1600	167	
1601	168	
1602	167	
1603	167	
1604	168	
1605	168	
1606	168	
1607	169	
1608	169	
1609	168	
1610	169	
1611	170	
1612	170	
1613	171	
1614	171	
1615	172	
1616	172	
1617	172	
1618	171	
1619	172	
1620	171	
1621	171	
1622	171	
1623	170	
1624	170	
1625	169	
1626	169	
1627	169	
1628	169	
1629	170	
1630	170	
1631	169	
1632	168	
1633	167	
1634	167	
1635	167	
1636	166	
1637	165	
1638	164	
1639	163	
1640	163	
1641	163	
1642	164	
1643	164	
1644	163	
1645	163	
1646	162	
1647	163	
1648	162	
1649	162	
1650	162	
1651	161	
1652	162	
1653	162	
1654	162	
1655	162	
1656	163	
1657	162	
1658	162	
1659	161	
1660	161	
1661	161	
1662	161	
1663	162	
1664	161	
1665	162	
1666	163	
1667	162	
1668	161	
1669	160	
1670	160	
1671	159	
1672	159	
1673	158	
1674	157	
1675	156	
1676	156	
1677	157	
1678	157	
1679	157	
1680	156	
1681	156	
1682	156	
1683	156	
1684	155	
1685	154	
1686	154	
1687	154	
1688	154	
1689	155	
1690	155	
1691	155	
1692	154	
1693	155	
1694	156	
1695	157	
1696	156	
1697	157	
1698	156	
1699	155	
1700	156	
1701	156	
1702	156	
1703	155	
1704	156	
1705	155	
1706	156	
1707	156	
1708	156	
1709	156	
1710	155	
1711	154	
1712	153	
1713	152	
1714	153	
1715	152	
1716	152	
1717	152	
1718	151	
1719	152	
1720	153	
1721	153	
1722	154	
1723	153	
1724	152	
1725	152	
1726	152	
1727	151	
1728	151	
1729	151	
1730	150	
1731	150	
1732	149	
1733	149	
1734	149	
1735	149	
1736	150	
1737	151	
1738	150	
1739	150	
1740	150	
1741	149	
1742	149	
1743	148	
1744	148	
1745	149	
1746	148	
1747	147	
1748	148	
1749	148	
1750	148	
1751	147	
1752	146	
1753	145	
1754	144	
1755	143	
1756	143	
1757	144	
1758	144	
1759	145	
1760	146	
1761	145	
1762	145	
1763	144	
1764	143	
1765	143	
1766	144	
1767	143	
1768	143	
1769	143	
1770	144	
1771	145	
1772	145	
1773	145	
1774	144	
1775	144	
1776	144	
1777	144	
1778	144	
1779	144	
1780	145	
1781	145	
1782	145	
1783	145	
1784	146	
1785	147	
1786	147	
1787	146	
1788	145	
1789	146	
1790	146	
1791	147	
1792	147	
1793	146	
1794	147	
1795	147	
1796	147	
1797	147	
1798	146	
1799	145	
1800	145	
1801	146	
1802	145	
1803	146	
1804	145	
1805	144	
1806	143	
1807	143	
1808	143	
1809	142	
1810	142	
1811	143	
1812	143	
1813	143	
1814	142	
1815	142	
1816	142	
1817	142	
1818	143	
1819	143	
1820	143	
1821	142	
1822	142	
1823	141	
1824	142	
1825	143	
1826	144	
1827	145	
1828	144	
1829	145	
1830	144	
1831	145	
1832	144	
1833	144	
1834	145	
1835	146	
1836	146	
1837	145	
1838	146	
1839	146	
1840	145	
1841	144	
1842	145	
1843	145	
1844	144	
1845	144	
1846	144	
1847	144	
1848	143	
1849	142	
1850	142	
1851	143	
1852	142	
1853	141	
1854	142	
1855	143	
1856	143	
1857	143	
1858	142	
1859	141	
1860	140	
1861	141	
1862	140	
1863	140	
1864	140	
1865	141	
1866	141	
1867	141	
1868	140	
1869	141	
1870	140	
1871	140	
1872	140	
1873	140	
1874	140	
1875	140	
1876	141	
1877	142	
1878	142	
1879	143	
1880	144	
1881	144	
1882	145	
1883	145	
1884	145	
1885	144	
1886	145	
1887	144	
1888	143	
1889	142	
1890	141	
1891	142	
1892	142	
1893	141	
1894	142	
1895	142	
1896	142	
1897	143	
1898	142	
1899	142	
1900	142	
1901	141	
1902	142	
1903	141	
1904	142	
1905	143	
1906	144	
1907	143	
1908	144	
1909	144	
1910	143	
1911	143	
1912	143	
1913	144	
1914	144	
1915	144	
1916	144	
1917	143	
1918	142	
1919	141	
1920	142	
1921	142	
1922	142	
1923	141	
1924	141	
1925	141	
1926	141	
1927	141	
1928	140	
1929	139	
1930	140	
1931	140	
1932	140	
1933	140	
1934	141	
1935	142	
1936	142	
1937	141	
1938	142	
1939	141	
1940	140	
1941	140	
1942	140	
1943	139	
1944	138	
1945	139	
1946	138	
1947	137	
1948	136	
1949	137	
1950	137	
1951	137	
1952	137	
1953	138	
1954	138	
1955	137	
1956	138	
1957	139	
1958	139	
1959	139	
1960	139	
1961	139	
1962	140	
1963	139	
1964	139	
1965	138	
1966	138	
1967	138	
1968	137	
1969	137	
1970	138	
1971	138	
1972	139	
1973	139	
1974	139	
1975	140	
1976	140	
1977	140	
1978	139	
1979	138	
1980	138	
1981	138	
1982	139	
1983	140	
1984	141	
1985	142	
1986	143	
1987	144	
1988	144	
1989	143	
1990	144	
1991	143	
1992	142	
1993	141	
1994	141	
1995	140	
1996	140	
1997	140	
1998	141	
1999	142	
2000	142	
2001	142	
2002	143	
2003	142	
2004	143	
2005	143	
2006	142	
2007	141	
2008	141	
2009	141	
2010	141	
2011	140	
2012	140	
2013	140	
2014	141	
2015	142	
2016	141	
2017	141	
2018	140	
2019	141	
2020	142	
2021	142	
2022	141	
2023	141	
2024	141	
2025	142	
2026	142	
2027	141	
2028	140	
2029	141	
2030	141	
2031	141	
2032	142	
2033	141	
2034	141	
2035	141	
2036	142	
2037	142	
2038	141	
2039	141	
2040	142	
2041	141	
2042	141	
2043	141	
2044	141	
2045	141	
2046	141	
2047	142	
2048	143	
2049	143	
2050	144	
2051	145	
2052	145	
2053	146	
2054	146	
2055	147	
2056	148	
2057	149	
2058	149	
2059	148	
2060	147	
2061	146	
2062	145	
2063	145	
2064	144	
2065	143	
2066	144	
2067	145	
2068	146	
2069	145	
2070	144	
2071	143	
2072	144	
2073	145	
2074	145	
2075	146	
2076	147	
2077	147	
2078	146	
2079	145	
2080	144	
2081	144	
2082	144	
2083	144	
2084	145	
2085	144	
2086	144	
2087	144	
2088	143	
2089	144	
2090	143	
2091	144	
2092	145	
2093	145	
2094	144	
2095	143	
2096	143	
2097	142	
2098	142	
2099	141	
2100	141	
2101	142	
2102	142	
2103	143	
2104	143	
2105	143	
2106	143	
2107	144	
2108	145	
2109	144	
2110	143	
2111	143	
2112	144	
2113	144	
2114	144	
2115	143	
2116	143	
2117	142	
2118	142	
2119	143	
2120	142	
2121	142	
2122	143	
2123	143	
2124	143	
2125	143	
2126	143	
2127	143	
2128	143	
2129	143	
2130	143	
2131	144	
2132	143	
2133	144	
2134	144	
2135	145	
2136	144	
2137	143	
2138	144	
2139	144	
2140	145	
2141	145	
2142	144	
2143	143	
2144	142	
2145	142	
2146	142	
2147	142	
2148	142	
2149	143	
2150	143	
2151	144	
2152	145	
2153	145	
2154	145	
2155	145	
2156	145	
2157	145	
2158	144	
2159	143	
2160	144	
2161	145	
2162	146	
2163	146	
2164	146	
2165	147	
2166	147	
2167	146	
2168	145	
2169	144	
2170	145	
2171	145	
2172	145	
2173	145	
2174	145	
2175	146	
2176	146	
2177	146	
2178	146	
2179	147	
2180	146	
2181	146	
2182	146	
2183	147	
2184	147	
2185	146	
2186	145	
2187	146	
2188	146	
2189	147	
2190	148	
2191	148	
2192	149	
2193	149	
2194	149	
2195	149	
2196	149	
2197	149	
2198	149	
2199	148	
2200	147	
2201	147	
2202	147	
2203	147	
2204	147	
2205	147	
2206	147	
2207	148	
2208	149	
2209	148	
2210	147	
2211	148	
2212	148	
2213	149	
2214	149	
2215	148	
2216	148	
2217	148	
2218	147	
2219	148	
2220	149	
2221	148	
2222	149	
2223	149	
2224	148	
2225	148	
2226	147	
2227	146	
2228	146	
2229	145	
2230	146	
2231	145	
2232	144	
2233	144	
2234	144	
2235	143	
2236	143	
2237	143	
2238	144	
2239	143	
2240	144	
2241	144	
2242	144	
2243	144	
2244	144	
2245	144	
2246	144	
2247	143	
2248	143	
2249	143	
2250	144	
2251	144	
2252	145	
2253	145	
2254	146	
2255	146	
2256	147	
2257	147	
2258	148	
2259	149	
2260	149	
2261	150	
2262	151	
2263	152	
2264	151	
2265	151	
2266	152	
2267	151	
2268	151	
2269	152	
2270	151	
2271	150	
2272	151	
2273	151	
2274	152	
2275	152	
2276	153	
2277	152	
2278	153	
2279	153	
2280	154	
2281	153	
2282	154	
2283	155	
2284	156	
2285	155	
2286	155	
2287	155	
2288	156	
2289	156	
2290	157	
2291	158	
2292	158	
2293	159	
2294	160	
2295	159	
2296	160	
2297	159	
2298	158	
2299	159	
2300	159	
2301	159	
2302	160	
2303	159	
2304	160	
2305	161	
2306	161	
2307	160	
2308	161	
2309	161	
2310	162	
2311	163	
2312	163	
2313	163	
2314	164	
2315	165	
2316	164	
2317	163	
2318	164	
2319	165	
2320	164	
2321	164	
2322	165	
2323	164	
2324	165	
2325	166	
2326	166	
2327	167	
2328	167	
2329	168	
2330	169	
2331	169	
2332	169	
2333	170	
2334	171	
2335	170	
2336	170	
2337	170	
2338	171	
2339	170	
2340	171	
2341	170	
2342	171	
2343	172	
2344	171	
2345	171	
2346	172	
2347	173	
2348	174	
2349	175	
2350	174	
2351	174	
2352	174	
2353	173	
2354	174	
2355	173	
2356	174	
2357	174	
2358	175	
2359	176	
2360	175	
2361	174	
2362	175	
2363	175	
2364	176	
2365	175	
2366	176	
2367	176	
2368	177	
2369	178	
2370	177	
2371	177	
2372	178	
2373	179	
2374	178	
2375	177	
2376	178	
2377	178	
2378	179	
2379	178	
2380	179	
2381	180	
2382	181	
2383	180	
2384	180	
2385	180	
2386	181	
2387	181	
2388	182	
2389	183	
2390	182	
2391	181	
2392	182	
2393	183	
2394	183	
2395	183	
2396	184	
2397	183	
2398	184	
2399	183	
2400	184	
2401	184	
2402	185	
2403	185	
2404	186	
2405	187	
2406	187	
2407	188	
2408	189	
2409	189	
2410	190	
2411	189	
2412	188	
2413	189	
2414	189	
2415	189	
2416	190	
2417	189	
2418	190	
2419	189	
2420	190	
2421	190	
2422	191	
2423	191	
2424	192	
2425	192	
2426	193	
2427	193	
2428	194	
2429	193	
2430	194	
2431	193	
2432	194	
2433	195	
2434	196	
2435	196	
2436	195	
2437	195	
2438	196	
2439	197	
2440	198	
2441	198	
2442	197	
2443	197	
2444	198	
2445	198	
2446	199	
2447	200	
2448	200	
2449	199	
2450	200	
2451	200	
2452	201	
2453	201	
2454	202	
2455	202	
2456	203	
2457	203	
2458	204	
2459	204	
2460	205	
2461	205	
2462	206	
2463	207	
2464	206	
2465	207	
2466	207	
2467	206	
2468	207	
2469	206	
2470	207	
2471	208	
2472	208	
2473	209	
2474	210	
2475	210	
2476	210	
2477	209	
2478	210	
2479	210	
2480	211	
2481	211	
2482	212	
2483	211	
2484	212	
2485	211	
2486	212	
2487	213	
2488	213	
2489	212	
2490	213	
2491	213	
2492	214	
2493	214	
2494	215	
2495	214	
2496	215	
2497	216	
2498	216	
2499	216	
2500	217	
2501	216	
2502	217	
2503	218	
2504	219	
2505	218	
2506	218	
2507	219	
2508	218	
2509	218	
2510	219	
2511	220	
2512	219	
2513	220	
2514	220	
2515	220	
2516	221	
2517	220	
2518	221	
2519	220	
2520	221	
2521	220	
2522	221	
2523	221	
2524	222	
2525	223	
2526	222	
2527	221	
2528	222	
2529	221	
2530	222	
2531	222	
2532	223	
2533	222	
2534	223	
2535	224	
2536	224	
2537	224	
2538	225	
2539	224	
2540	225	
2541	224	
2542	225	
2543	226	
2544	226	
2545	226	
2546	227	
2547	227	
2548	228	
2549	227	
2550	228	
2551	227	
2552	228	
2553	227	
2554	228	
2555	228	
2556	229	
2557	228	
2558	229	
2559	228	
2560	229	
2561	229	
2562	230	
2563	229	
2564	230	
2565	229	
2566	230	
2567	231	
2568	231	
2569	231	
2570	232	
2571	232	
2572	233	
2573	232	
2574	233	
2575	233	
2576	234	
2577	233	
2578	234	
2579	234	
2580	235	
2581	234	
2582	235	
2583	235	
2584	236	
2585	236	
2586	237	
2587	238	
2588	237	
2589	238	
2590	238	
2591	237	
2592	238	
2593	238	
2594	239	
2595	239	
2596	240	
2597	239	
2598	240	
2599	240	
2600	241	
2601	241	
2602	242	
2603	243	
2604	243	
2605	242	
2606	243	
2607	243	
2608	244	
2609	243	
2610	244	
2611	244	
2612	245	
2613	246	
2614	245	
2615	245	
2616	246	
2617	245	
2618	246	
2619	246	
2620	247	
2621	246	
2622	247	
2623	247	
2624	248	
2625	248	
2626	249	
2627	248	
2628	249	
2629	248	
2630	249	
2631	249	
2632	250	
2633	250	
2634	251	
2635	251	
2636	252	
2637	252	
2638	253	
2639	253	
2640	254	
2641	253	
2642	254	
2643	254	
2644	255	
2645	254	
2646	255	
2647	255	
2648	256	
2649	257	
2650	257	
2651	258	
2652	257	
2653	257	
2654	258	
2655	259	
2656	258	
2657	258	
2658	259	
2659	258	
2660	259	
2661	259	
2662	260	
2663	260	
2664	261	
2665	261	
2666	262	
2667	262	
2668	263	
2669	264	
2670	263	
2671	263	
2672	264	
2673	264	
2674	265	
2675	264	
2676	265	
2677	266	
2678	266	
2679	266	
2680	267	
2681	267	
2682	268	
2683	268	
2684	269	
2685	268	
2686	269	
2687	269	
2688	270	
2689	271	
2690	272	
2691	273	
2692	272	
2693	272	
2694	272	
2695	271	
2696	272	
2697	273	
2698	272	
2699	273	
2700	273	
2701	273	
2702	274	
2703	274	
2704	275	
2705	276	
2706	275	
2707	275	
2708	276	
2709	276	
2710	277	
2711	276	
2712	277	
2713	278	
2714	277	
2715	277	
2716	278	
2717	279	
2718	279	
2719	279	
2720	280	
2721	281	
2722	280	
2723	279	
2724	280	
2725	280	
2726	281	
2727	282	
2728	281	
2729	280	
2730	281	
2731	281	
2732	282	
2733	283	
2734	282	
2735	283	
2736	283	
2737	283	
2738	284	
2739	284	
2740	285	
2741	285	
2742	286	
2743	286	
2744	287	
2745	287	
2746	288	
2747	289	
2748	289	
2749	288	
2750	289	
2751	289	
2752	290	
2753	289	
2754	290	
2755	289	
2756	290	
2757	289	
2758	290	
2759	289	
2760	290	
2761	291	
2762	292	
2763	292	
2764	293	
2765	293	
2766	292	
2767	292	
2768	293	
2769	292	
2770	293	
2771	292	
2772	293	
2773	294	
2774	294	
2775	293	
2776	294	
2777	294	
2778	295	
2779	295	
2780	296	
2781	296	
2782	297	
2783	297	
2784	298	
2785	298	
2786	299	
2787	299	
2788	300	
2789	299	
2790	300	
2791	301	
2792	301	
2793	301	
2794	302	
2795	301	
2796	302	
2797	303	
2798	303	
2799	303	
2800	304	
2801	305	
2802	304	
2803	305	
2804	304	
2805	305	
2806	305	
2807	305	
2808	306	
2809	307	
2810	307	
2811	308	
2812	307	
2813	306	
2814	307	
2815	307	
2816	308	
2817	308	
2818	309	
2819	309	
2820	310	
2821	309	
2822	310	
2823	310	
2824	311	
2825	312	
2826	312	
2827	311	
2828	312	
2829	311	
2830	312	
2831	313	
2832	313	
2833	312	
2834	313	
2835	313	
2836	314	
2837	315	
2838	315	
2839	314	
2840	315	
2841	315	
2842	316	
2843	316	
2844	317	
2845	317	
2846	318	
2847	317	
2848	318	
2849	317	
2850	318	
2851	317	
2852	318	
2853	318	
2854	319	
2855	319	
2856	320	
2857	320	
2858	321	
2859	320	
2860	321	
2861	321	
2862	322	
2863	321	
2864	322	
2865	322	
2866	323	
2867	322	
2868	323	
2869	322	
2870	323	
2871	323	
2872	324	
2873	323	
2874	324	
2875	323	
2876	324	
2877	324	
2878	325	
2879	325	
2880	326	
2881	326	
2882	327	
2883	326	
2884	327	
2885	328	
2886	327	
2887	328	
2888	328	
2889	328	
2890	329	
2891	329	
2892	330	
2893	331	
2894	331	
2895	331	
2896	332	
2897	332	
2898	333	
2899	333	
2900	334	
2901	334	
2902	335	
2903	335	
2904	336	
2905	335	
2906	336	
2907	335	
2908	336	
2909	337	
2910	337	
2911	336	
2912	337	
2913	336	
2914	337	
2915	338	
2916	339	
2917	339	
2918	340	
2919	341	
2920	340	
2921	341	
2922	340	
2923	340	
2924	341	
2925	341	
2926	342	
2927	343	
2928	344	
2929	345	
2930	344	
2931	345	
2932	346	
2933	346	
2934	345	
2935	346	
2936	347	
2937	346	
2938	347	
2939	347	
2940	346	
2941	346	
2942	347	
2943	346	
2944	347	
2945	346	
2946	345	
2947	346	
2948	345	
2949	346	
2950	347	
2951	348	
2952	349	
2953	348	
2954	349	
2955	349	
2956	348	
2957	349	
2958	350	
2959	349	
2960	349	
2961	349	
2962	348	
2963	349	
2964	348	
2965	347	
2966	346	
2967	347	
2968	346	
2969	346	
2970	347	
2971	348	
2972	347	
2973	347	
2974	348	
2975	349	
2976	350	
2977	350	
2978	350	
2979	349	
2980	350	
2981	351	
2982	352	
2983	352	
2984	352	
2985	353	
2986	353	
2987	352	
2988	353	
2989	353	
2990	354	
2991	353	
2992	354	
2993	354	
2994	355	
2995	355	
2996	356	
2997	357	
2998	356	
2999	357	
3000	357	
3001	357	
3002	358	
3003	357	
3004	358	
3005	357	
3006	358	
3007	357	
3008	358	
3009	359	
3010	360	
3011	360	
3012	359	
3013	359	
3014	360	
3015	360	
3016	361	
3017	362	
3018	361	
3019	360	
3020	361	
3021	361	
3022	362	
3023	363	
3024	364	
3025	365	
3026	366	
3027	365	
3028	364	
3029	363	
3030	364	
3031	364	
3032	364	
3033	364	
3034	365	
3035	365	
3036	366	
3037	367	
3038	366	
3039	366	
3040	367	
3041	367	
3042	368	
3043	369	
3044	369	
3045	368	
3046	369	
3047	370	
3048	370	
3049	371	
3050	371	
3051	370	
3052	371	
3053	371	
3054	372	
3055	373	
3056	374	
3057	374	
3058	375	
3059	374	
3060	374	
3061	374	
3062	375	
3063	375	
3064	376	
3065	377	
3066	376	
3067	377	
3068	377	
3069	376	
3070	377	
3071	377	
3072	378	
3073	378	
3074	379	
3075	379	
3076	380	
3077	379	
3078	380	
3079	381	
3080	382	
3081	382	
3082	382	
3083	383	
3084	382	
3085	381	
3086	382	
3087	383	
3088	382	
3089	383	
3090	383	
3091	383	
3092	384	
3093	384	
3094	385	
3095	385	
3096	386	
3097	385	
3098	386	
3099	386	
3100	387	
3101	387	
3102	388	
3103	387	
3104	388	
3105	387	
3106	388	
3107	388	
3108	389	
3109	389	
3110	390	
3111	391	
3112	392	
3113	391	
3114	391	
3115	391	
3116	392	
3117	391	
3118	392	
3119	393	
3120	393	
3121	393	
3122	394	
3123	394	
3124	395	
3125	395	
3126	396	
3127	397	
3128	396	
3129	395	
3130	396	
3131	396	
3132	397	
3133	397	
3134	398	
3135	397	
3136	398	
3137	397	
3138	398	
3139	398	
3140	399	
3141	400	
3142	401	
3143	402	
3144	401	
3145	401	
3146	400	
3147	400	
3148	401	
3149	401	
3150	402	
3151	402	
3152	403	
3153	402	
3154	403	
3155	404	
3156	404	
3157	403	
3158	404	
3159	404	
3160	405	
3161	405	
3162	406	
3163	407	
3164	408	
3165	407	
3166	407	
3167	407	
3168	408	
3169	408	
3170	409	
3171	409	
3172	410	
3173	411	
3174	410	
3175	410	
3176	411	
3177	411	
3178	412	
3179	411	
3180	412	
3181	413	
3182	414	
3183	413	
3184	414	
3185	414	
3186	413	
3187	413	
3188	414	
3189	413	
3190	414	
3191	413	
3192	414	
3193	414	
3194	415	
3195	415	
3196	416	
3197	417	
3198	418	
3199	418	
3200	418	
3201	418	
3202	419	
3203	420	
3204	419	
3205	418	
3206	419	
3207	419	
3208	420	
3209	419	
3210	420	
3211	420	
3212	421	
3213	421	
3214	422	
3215	421	
3216	422	
3217	421	
3218	422	
3219	423	
3220	422	
3221	422	
3222	423	
3223	423	
3224	424	
3225	425	
3226	424	
3227	425	
3228	425	
3229	424	
3230	425	
3231	425	
3232	426	
3233	426	
3234	427	
3235	426	
3236	427	
3237	427	
3238	428	
3239	428	
3240	429	
3241	428	
3242	429	
3243	429	
3244	430	
3245	430	
3246	431	
3247	431	
3248	432	
3249	433	
3250	432	
3251	431	
3252	432	
3253	431	
3254	432	
3255	433	
3256	433	
3257	433	
3258	434	
3259	434	
3260	435	
3261	434	
3262	435	
3263	436	
3264	435	
3265	435	
3266	436	
3267	436	
3268	437	
3269	436	
3270	437	
3271	438	
3272	438	
3273	437	
3274	438	
3275	437	
3276	438	
3277	438	
3278	439	
3279	439	
3280	440	
3281	439	
3282	440	
3283	440	
3284	441	
3285	442	
3286	443	
3287	442	
3288	442	
3289	442	
3290	443	
3291	443	
3292	444	
3293	443	
3294	444	
3295	443	
3296	444	
3297	445	
3298	444	
3299	445	
3300	445	
3301	445	
3302	446	
3303	447	
3304	448	
3305	447	
3306	448	
3307	447	
3308	448	
3309	447	
3310	447	
3311	447	
3312	448	
3313	447	
3314	448	
3315	449	
3316	449	
3317	450	
3318	450	
3319	450	
3320	451	
3321	451	
3322	452	
3323	452	
3324	453	
3325	452	
3326	453	
3327	453	
3328	454	
3329	453	
3330	454	
3331	455	
3332	455	
3333	454	
3334	455	
3335	454	
3336	455	
3337	456	
3338	456	
3339	457	
3340	457	
3341	457	
3342	458	
3343	459	
3344	460	
3345	460	
3346	460	
3347	459	
3348	460	
3349	460	
3350	461	
3351	460	
3352	461	
3353	462	
3354	462	
3355	462	
3356	463	
3357	463	
3358	464	
3359	463	
3360	464	
3361	464	
3362	465	
3363	466	
3364	465	
3365	465	
3366	466	
3367	467	
3368	468	
3369	469	
3370	469	
3371	468	
3372	468	
3373	468	
3374	469	
3375	469	
3376	470	
3377	471	
3378	472	
3379	471	
3380	471	
3381	472	
3382	471	
3383	471	
3384	472	
3385	472	
3386	473	
3387	472	
3388	473	
3389	474	
3390	473	
3391	472	
3392	473	
3393	472	
3394	473	
3395	474	
3396	475	
3397	474	
3398	475	
3399	476	
3400	476	
3401	475	
3402	474	
3403	473	
3404	474	
3405	473	
3406	474	
3407	475	
3408	476	
3409	477	
3410	476	
3411	475	
3412	476	
3413	476	
3414	476	
3415	477	
3416	476	
3417	477	
3418	478	
3419	478	
3420	478	
3421	478	
3422	479	
3423	478	
3424	479	
3425	479	
3426	480	
3427	481	
3428	482	
3429	481	
3430	480	
3431	480	
3432	481	
3433	482	
3434	482	
3435	483	
3436	483	
3437	482	
3438	483	
3439	483	
3440	484	
3441	485	
3442	485	
3443	484	
3444	485	
3445	485	
3446	486	
3447	486	
3448	487	
3449	487	
3450	488	
3451	487	
3452	488	
3453	488	
3454	489	
3455	489	
3456	490	
3457	490	
3458	491	
3459	492	
3460	492	
3461	493	
3462	493	
3463	493	
3464	494	
3465	495	
3466	496	
3467	496	
3468	495	
3469	494	
3470	495	
3471	494	
3472	495	
3473	494	
3474	495	
3475	496	
3476	496	
3477	495	
3478	496	
3479	496	
3480	497	
3481	496	
3482	497	
3483	496	
3484	497	
3485	498	
3486	497	
3487	496	
3488	497	
3489	498	
3490	497	
3491	497	
3492	498	
3493	498	
3494	499	
3495	500	
3496	499	
3497	500	
3498	500	
3499	500	
3500	501	
3501	502	
3502	503	
3503	503	
3504	503	
3505	502	
3506	503	
3507	503	
3508	504	
3509	504	
3510	505	
3511	505	
3512	506	
3513	507	
3514	507	
3515	508	
3516	509	
3517	508	
3518	509	
3519	510	
3520	509	
3521	508	
3522	508	
3523	507	
3524	508	
3525	508	
3526	509	
3527	508	
3528	509	
3529	509	
3530	510	
3531	511	
3532	512	
3533	511	
3534	510	
3535	509	
3536	510	
3537	510	
3538	511	
3539	511	
3540	512	
3541	513	
3542	514	
3543	514	
3544	513	
3545	512	
3546	513	
3547	512	
3548	513	
3549	513	
3550	514	
3551	513	
3552	514	
3553	514	
3554	515	
3555	514	
3556	515	
3557	514	
3558	515	
3559	516	
3560	517	
3561	518	
3562	517	
3563	517	
3564	517	
3565	518	
3566	517	
3567	518	
3568	519	
3569	519	
3570	518	
3571	519	
3572	518	
3573	519	
3574	520	
3575	521	
3576	521	
3577	522	
3578	522	
3579	523	
3580	522	
3581	522	
3582	522	
3583	522	
3584	523	
3585	523	
3586	524	
3587	524	
3588	525	
3589	524	
3590	525	
3591	524	
3592	525	
3593	526	
3594	526	
3595	525	
3596	526	
3597	525	
3598	526	
3599	527	
3600	528	
3601	528	
3602	529	
3603	530	
3604	530	
3605	531	
3606	531	
3607	530	
3608	529	
3609	528	
3610	529	
3611	530	
3612	531	
3613	530	
3614	529	
3615	530	
3616	530	
3617	531	
3618	531	
3619	530	
3620	531	
3621	531	
3622	532	
3623	533	
3624	533	
3625	533	
3626	534	
3627	535	
3628	536	
3629	537	
3630	538	
3631	538	
3632	539	
3633	540	
3634	540	
3635	541	
3636	542	
3637	541	
3638	541	
3639	541	
3640	541	
3641	541	
3642	542	
3643	543	
3644	543	
3645	543	
3646	543	
3647	543	
3648	544	
3649	545	
3650	546	
3651	547	
3652	546	
3653	546	
3654	546	
3655	546	
3656	547	
3657	547	
3658	548	
3659	548	
3660	549	
3661	549	
3662	550	
3663	549	
3664	550	
3665	551	
3666	551	
3667	552	
3668	552	
3669	552	
3670	553	
3671	553	
3672	554	
3673	554	
3674	555	
3675	555	
3676	556	
3677	555	
3678	556	
3679	556	
3680	557	
3681	558	
3682	559	
3683	559	
3684	558	
3685	559	
3686	560	
3687	561	
3688	561	
3689	561	
3690	561	
3691	560	
3692	561	
3693	560	
3694	561	
3695	560	
3696	561	
3697	562	
3698	561	
3699	560	
3700	561	
3701	560	
3702	561	
3703	560	
3704	561	
3705	561	
3706	562	
3707	562	
3708	563	
3709	564	
3710	564	
3711	565	
3712	564	
3713	565	
3714	566	
3715	567	
3716	567	
3717	566	
3718	565	
3719	566	
3720	567	
3721	568	
3722	567	
3723	566	
3724	566	
3725	566	
3726	567	
3727	567	
3728	568	
3729	567	
3730	568	
3731	568	
3732	569	
3733	568	
3734	569	
3735	569	
3736	570	
3737	570	
3738	571	
3739	571	
3740	572	
3741	573	
3742	573	
3743	573	
3744	574	
3745	574	
3746	575	
3747	574	
3748	575	
3749	575	
3750	576	
3751	576	
3752	577	
3753	578	
3754	579	
3755	579	
3756	578	
3757	577	
3758	578	
3759	578	
3760	579	
3761	579	
3762	580	
3763	581	
3764	582	
3765	582	
3766	582	
3767	581	
3768	582	
3769	582	
3770	583	
3771	582	
3772	583	
3773	583	
3774	584	
3775	584	
3776	585	
3777	584	
3778	585	
3779	586	
3780	586	
3781	586	
3782	587	
3783	587	
3784	588	
3785	588	
3786	589	
3787	589	
3788	590	
3789	591	
3790	592	
3791	591	
3792	592	
3793	591	
3794	590	
3795	591	
3796	591	
3797	591	
3798	592	
3799	591	
3800	592	
3801	593	
3802	594	
3803	594	
3804	594	
3805	595	
3806	594	
3807	594	
3808	595	
3809	596	
3810	595	
3811	596	
3812	596	
3813	596	
3814	597	
3815	598	
3816	598	
3817	598	
3818	599	
3819	599	
3820	600	
3821	599	
3822	600	
3823	599	
3824	600	
3825	601	
3826	602	
3827	601	
3828	602	
3829	603	
3830	604	
3831	604	
3832	604	
3833	603	
3834	602	
3835	603	
3836	603	
3837	603	
3838	604	
3839	605	
3840	604	
3841	604	
3842	605	
3843	605	
3844	606	
3845	605	
3846	606	
3847	607	
3848	607	
3849	607	
3850	608	
3851	608	
3852	609	
3853	608	
3854	609	
3855	609	
3856	610	
3857	610	
3858	611	
3859	612	
3860	611	
3861	610	
3862	611	
3863	611	
3864	612	
3865	613	
3866	614	
3867	614	
3868	614	
3869	613	
3870	614	
3871	613	
3872	614	
3873	613	
3874	614	
3875	614	
3876	615	
3877	615	
3878	616	
3879	616	
3880	617	
3881	617	
3882	618	
3883	618	
3884	619	
3885	618	
3886	619	
3887	619	
3888	620	
3889	619	
3890	620	
3891	620	
3892	621	
3893	620	
3894	621	
3895	620	
3896	621	
3897	621	
3898	622	
3899	622	
3900	623	
3901	624	
3902	624	
3903	624	
3904	625	
3905	626	
3906	627	
3907	628	
3908	628	
3909	627	
3910	626	
3911	625	
3912	626	
3913	627	
3914	627	
3915	628	
3916	629	
3917	629	
3918	630	
3919	631	
3920	630	
3921	630	
3922	630	
3923	630	
3924	631	
3925	630	
3926	631	
3927	630	
3928	631	
3929	631	
3930	632	
3931	633	
3932	633	
3933	632	
3934	633	
3935	633	
3936	634	
3937	633	
3938	634	
3939	633	
3940	634	
3941	633	
3942	634	
3943	634	
3944	635	
3945	636	
3946	637	
3947	636	
3948	636	
3949	637	
3950	637	
3951	637	
3952	638	
3953	639	
3954	639	
3955	639	
3956	640	
3957	641	
3958	641	
3959	640	
3960	641	
3961	641	
3962	642	
3963	642	
3964	643	
3965	643	
3966	644	
3967	643	
3968	644	
3969	644	
3970	645	
3971	646	
3972	646	
3973	645	
3974	646	
3975	647	
3976	648	
3977	648	
3978	647	
3979	647	
3980	648	
3981	648	
3982	649	
3983	648	
3984	649	
3985	649	
3986	650	
3987	649	
3988	650	
3989	649	
3990	650	
3991	650	
3992	651	
3993	650	
3994	651	
3995	651	
3996	652	
3997	651	
3998	652	
3999	653	
4000	652	
4001	652	
4002	653	
4003	654	
4004	654	
4005	654	
4006	655	
4007	656	
4008	657	
4009	656	
4010	656	
4011	656	
4012	657	
4013	656	
4014	657	
4015	658	
4016	659	
4017	658	
4018	658	
4019	659	
4020	660	
4021	661	
4022	662	
4023	661	
4024	660	
4025	660	
4026	659	
4027	659	
4028	660	
4029	661	
4030	662	
4031	661	
4032	662	
4033	661	
4034	662	
4035	661	
4036	661	
4037	661	
4038	662	
4039	662	
4040	663	
4041	664	
4042	664	
4043	664	
4044	665	
4045	664	
4046	665	
4047	666	
4048	667	
4049	667	
4050	666	
4051	666	
4052	667	
4053	666	
4054	667	
4055	666	
4056	667	
4057	667	
4058	668	
4059	669	
4060	669	
4061	669	
4062	670	
4063	670	
4064	671	
4065	670	
4066	671	
4067	672	
4068	672	
4069	673	
4070	673	
4071	674	
4072	675	
4073	675	
4074	675	
4075	675	
4076	676	
4077	676	
4078	677	
4079	678	
4080	677	
4081	677	
4082	678	
4083	679	
4084	678	
4085	679	
4086	678	
4087	677	
4088	678	
4089	677	
4090	678	
4091	678	
4092	679	
4093	679	
4094	680	
4095	681	
4096	682	
4097	681	
4098	682	
4099	681	
4100	681	
4101	680	
4102	681	
4103	682	
4104	683	
4105	684	
4106	683	
4107	683	
4108	684	
4109	684	
4110	685	
4111	684	
4112	685	
4113	684	
4114	683	
4115	682	
4116	683	
4117	683	
4118	684	
4119	684	
4120	685	
4121	684	
4122	685	
4123	685	
4124	686	
4125	687	
4126	688	
4127	687	
4128	687	
4129	687	
4130	688	
4131	688	
4132	689	
4133	689	
4134	690	
4135	691	
4136	690	
4137	691	
4138	691	
4139	692	
4140	692	
4141	692	
4142	693	
4143	693	
4144	694	
4145	695	
4146	694	
4147	693	
4148	694	
4149	693	
4150	694	
4151	694	
4152	695	
4153	694	
4154	695	
4155	695	
4156	696	
4157	695	
4158	696	
4159	695	
4160	696	
4161	697	
4162	697	
4163	697	
4164	698	
4165	698	
4166	699	
4167	698	
4168	699	
4169	700	
4170	700	
4171	699	
4172	700	
4173	700	
4174	701	
4175	700	
4176	701	
4177	701	
4178	702	
4179	703	
4180	703	
4181	702	
4182	703	
4183	703	
4184	704	
4185	704	
4186	705	
4187	705	
4188	706	
4189	705	
4190	706	
4191	707	
4192	706	
4193	705	
4194	706	
4195	706	
4196	707	
4197	707	
4198	708	
4199	708	
4200	709	
4201	710	
4202	709	
4203	708	
4204	709	
4205	708	
4206	709	
4207	708	
4208	709	
4209	708	
4210	709	
4211	710	
4212	711	
4213	712	
4214	711	
4215	712	
4216	712	
4217	711	
4218	711	
4219	711	
4220	712	
4221	712	
4222	713	
4223	714	
4224	715	
4225	715	
4226	714	
4227	713	
4228	714	
4229	714	
4230	715	
4231	715	
4232	716	
4233	716	
4234	717	
4235	717	
4236	718	
4237	718	
4238	719	
4239	719	
4240	720	
4241	719	
4242	720	
4243	719	
4244	720	
4245	720	
4246	721	
4247	721	
4248	722	
4249	721	
4250	722	
4251	721	
4252	722	
4253	722	
4254	723	
4255	722	
4256	723	
4257	723	
4258	724	
4259	725	
4260	725	
4261	724	
4262	725	
4263	726	
4264	725	
4265	724	
4266	725	
4267	724	
4268	725	
4269	724	
4270	725	
4271	724	
4272	725	
4273	725	
4274	726	
4275	725	
4276	726	
4277	725	
4278	726	
4279	726	
4280	727	
4281	727	
4282	728	
4283	727	
4284	728	
4285	727	
4286	728	
4287	727	
4288	728	
4289	727	
4290	728	
4291	729	
4292	730	
4293	729	
4294	729	
4295	729	
4296	730	
4297	730	
4298	731	
4299	731	
4300	732	
4301	732	
4302	733	
4303	732	
4304	733	
4305	733	
4306	734	
4307	734	
4308	735	
4309	735	
4310	736	
4311	735	
4312	736	
4313	737	
4314	737	
4315	737	
4316	738	
4317	737	
4318	738	
4319	737	
4320	738	
4321	738	
4322	739	
4323	739	
4324	740	
4325	740	
4326	741	
4327	740	
4328	741	
4329	741	
4330	742	
4331	741	
4332	742	
4333	743	
4334	744	
4335	743	
4336	742	
4337	743	
4338	742	
4339	742	
4340	743	
4341	742	
4342	743	
4343	742	
4344	743	
4345	743	
4346	744	
4347	745	
4348	744	
4349	745	
4350	746	
4351	745	
4352	745	
4353	745	
4354	746	
4355	746	
4356	747	
4357	748	
4358	749	
4359	750	
4360	749	
4361	749	
4362	750	
4363	749	
4364	748	
4365	748	
4366	749	
4367	748	
4368	749	
4369	750	
4370	750	
4371	750	
4372	751	
4373	751	
4374	752	
4375	753	
4376	753	
4377	753	
4378	754	
4379	754	
4380	755	
4381	755	
4382	756	
4383	756	
4384	757	
4385	758	
4386	757	
4387	758	
4388	759	
4389	759	
4390	759	
4391	760	
4392	759	
4393	760	
4394	759	
4395	759	
4396	760	
4397	761	
4398	761	
4399	761	
4400	762	
4401	761	
4402	762	
4403	762	
4404	763	
4405	764	
4406	765	
4407	765	
4408	765	
4409	765	
4410	766	
4411	766	
4412	767	
4413	768	
4414	768	
4415	768	
4416	769	
4417	770	
4418	771	
4419	771	
4420	772	
4421	773	
4422	774	
4423	774	
4424	773	
4425	773	
4426	773	
4427	772	
4428	773	
4429	773	
4430	774	
4431	774	
4432	775	
4433	776	
4434	775	
4435	775	
4436	776	
4437	776	
4438	777	
4439	776	
4440	777	
4441	777	
4442	778	
4443	778	
4444	779	
4445	780	
4446	781	
4447	782	
4448	781	
4449	781	
4450	780	
4451	779	
4452	780	
4453	781	
4454	780	
4455	779	
4456	780	
4457	779	
4458	780	
4459	781	
4460	781	
4461	782	
4462	782	
4463	782	
4464	783	
4465	784	
4466	783	
4467	784	
4468	783	
4469	783	
4470	784	
4471	785	
4472	785	
4473	786	
4474	785	
4475	786	
4476	786	
4477	786	
4478	787	
4479	788	
4480	788	
4481	789	
4482	789	
4483	790	
4484	791	
4485	791	
4486	792	
4487	791	
4488	790	
4489	790	
4490	791	
4491	792	
4492	791	
4493	791	
4494	792	
4495	791	
4496	792	
4497	791	
4498	792	
4499	793	
4500	794	
4501	795	
4502	796	
4503	796	
4504	797	
4505	796	
4506	796	
4507	797	
4508	798	
4509	797	
4510	796	
4511	795	
4512	796	
4513	796	
4514	795	
4515	796	
4516	795	
4517	796	
4518	797	
4519	796	
4520	795	
4521	794	
4522	795	
4523	796	
4524	795	
4525	796	
4526	797	
4527	796	
4528	795	
4529	796	
4530	796	
4531	796	
4532	797	
4533	797	
4534	798	
4535	799	
4536	798	
4537	798	
4538	799	
4539	799	
4540	800	
4541	801	
4542	802	
4543	801	
4544	800	
4545	799	
4546	800	
4547	800	
4548	801	
4549	801	
4550	802	
4551	803	
4552	803	
4553	804	
4554	803	
4555	804	
4556	804	
4557	805	
4558	805	
4559	805	
4560	806	
4561	806	
4562	807	
4563	808	
4564	808	
4565	808	
4566	809	
4567	810	
4568	809	
4569	808	
4570	809	
4571	808	
4572	809	
4573	808	
4574	809	
4575	810	
4576	809	
4577	808	
4578	809	
4579	808	
4580	809	
4581	809	
4582	810	
4583	810	
4584	811	
4585	812	
4586	812	
4587	811	
4588	812	
4589	811	
4590	812	
4591	813	
4592	813	
4593	814	
4594	815	
4595	815	
4596	814	
4597	815	
4598	815	
4599	815	
4600	816	
4601	817	
4602	817	
4603	817	
4604	818	
4605	819	
4606	818	
4607	817	
4608	818	
4609	819	
4610	818	
4611	818	
4612	819	
4613	820	
4614	820	
4615	821	
4616	820	
4617	820	
4618	821	
4619	821	
4620	822	
4621	822	
4622	823	
4623	824	
4624	824	
4625	824	
4626	825	
4627	824	
4628	825	
4629	824	
4630	825	
4631	824	
4632	825	
4633	826	
4634	826	
4635	825	
4636	826	
4637	827	
4638	828	
4639	827	
4640	827	
4641	826	
4642	827	
4643	827	
4644	828	
4645	828	
4646	829	
4647	829	
4648	830	
4649	829	
4650	830	
4651	830	
4652	831	
4653	832	
4654	831	
4655	832	
4656	833	
4657	832	
4658	831	
4659	830	
4660	831	
4661	832	
4662	833	
4663	833	
4664	834	
4665	835	
4666	835	
4667	835	
4668	835	
4669	834	
4670	835	
4671	836	
4672	836	
4673	836	
4674	837	
4675	836	
4676	837	
4677	837	
4678	838	
4679	837	
4680	838	
4681	839	
4682	838	
4683	838	
4684	839	
4685	839	
4686	840	
4687	840	
4688	841	
4689	842	
4690	841	
4691	842	
4692	842	
4693	843	
4694	843	
4695	844	
4696	843	
4697	842	
4698	843	
4699	843	
4700	844	
4701	844	
4702	845	
4703	846	
4704	846	
4705	847	
4706	847	
4707	847	
4708	848	
4709	849	
4710	849	
4711	850	
4712	851	
4713	850	
4714	850	
4715	851	
4716	850	
4717	851	
4718	850	
4719	851	
4720	851	
4721	852	
4722	851	
4723	850	
4724	851	
4725	852	
4726	851	
4727	852	
4728	852	
4729	851	
4730	852	
4731	853	
4732	852	
4733	852	
4734	853	
4735	852	
4736	853	
4737	854	
4738	853	
4739	854	
4740	853	
4741	854	
4742	854	
4743	854	
4744	855	
4745	854	
4746	855	
4747	856	
4748	855	
4749	855	
4750	856	
4751	857	
4752	857	
4753	858	
4754	859	
4755	859	
4756	860	
4757	860	
4758	861	
4759	861	
4760	862	
4761	862	
4762	863	
4763	863	
4764	864	
4765	864	
4766	863	
4767	863	
4768	864	
4769	864	
4770	865	
4771	866	
4772	866	
4773	865	
4774	866	
4775	865	
4776	866	
4777	867	
4778	866	
4779	867	
4780	867	
4781	867	
4782	868	
4783	868	
4784	869	
4785	869	
4786	870	
4787	871	
4788	872	
4789	871	
4790	871	
4791	872	
4792	872	
4793	871	
4794	872	
4795	872	
4796	873	
4797	873	
4798	874	
4799	874	
4800	875	
4801	876	
4802	876	
4803	877	
4804	878	
4805	878	
4806	877	
4807	876	
4808	877	
4809	876	
4810	877	
4811	877	
4812	878	
4813	878	
4814	879	
4815	879	
4816	880	
4817	881	
4818	880	
4819	879	
4820	880	
4821	879	
4822	880	
4823	879	
4824	880	
4825	880	
4826	881	
4827	881	
4828	882	
4829	882	
4830	883	
4831	884	
4832	884	
4833	885	
4834	886	
4835	886	
4836	885	
4837	886	
4838	885	
4839	886	
4840	886	
4841	887	
4842	888	
4843	888	
4844	888	
4845	888	
4846	889	
4847	888	
4848	889	
4849	889	
4850	890	
4851	890	
4852	891	
4853	891	
4854	892	
4855	893	
4856	892	
4857	892	
4858	893	
4859	892	
4860	893	
4861	892	
4862	893	
4863	892	
4864	893	
4865	892	
4866	893	
4867	893	
4868	894	
4869	895	
4870	894	
4871	893	
4872	894	
4873	893	
4874	894	
4875	894	
4876	895	
4877	896	
4878	896	
4879	895	
4880	896	
4881	896	
4882	897	
4883	897	
4884	898	
4885	897	
4886	898	
4887	898	
4888	899	
4889	899	
4890	900	
4891	899	
4892	900	
4893	900	
4894	901	
4895	901	
4896	902	
4897	901	
4898	902	
4899	903	
4900	902	
4901	902	
4902	903	
4903	903	
4904	904	
4905	905	
4906	906	
4907	907	
4908	907	
4909	908	
4910	908	
4911	907	
4912	907	
4913	908	
4914	908	
4915	907	
4916	908	
4917	907	
4918	908	
4919	908	
4920	909	
4921	909	
4922	910	
4923	910	
4924	911	
4925	911	
4926	912	
4927	912	
4928	913	
4929	912	
4930	913	
4931	914	
4932	915	
4933	914	
4934	913	
4935	913	
4936	914	
4937	914	
4938	915	
4939	915	
4940	916	
4941	916	
4942	917	
4943	916	
4944	917	
4945	918	
4946	918	
4947	918	
4948	919	
4949	918	
4950	919	
4951	920	
4952	921	
4953	920	
4954	919	
4955	919	
4956	920	
4957	919	
4958	920	
4959	920	
4960	921	
4961	922	
4962	923	
4963	924	
4964	923	
4965	923	
4966	923	
4967	924	
4968	924	
4969	925	
4970	925	
4971	924	
4972	925	
4973	925	
4974	926	
4975	926	
4976	927	
4977	928	
4978	927	
4979	928	
4980	929	
4981	928	
4982	929	
4983	928	
4984	927	
4985	926	
4986	927	
4987	927	
4988	928	
4989	928	
4990	929	
4991	930	
4992	929	
4993	928	
4994	929	
4995	930	
4996	931	
4997	931	
4998	931	
4999	932	
5000	931	
