1	1	
2	1	
3	1	
4	1	
5	2	
6	1	
7	1	
8	1	
9	1	
10	2	
11	2	
12	2	
13	2	
14	3	
15	3	
16	3	
17	3	
18	3	
19	3	
20	3	
21	3	
22	3	
23	3	
24	3	
25	4	
26	4	
27	4	
28	4	
29	4	
30	4	
31	4	
32	4	
33	4	
34	5	
35	5	
36	5	
37	5	
38	5	
39	5	
40	5	
41	6	
42	6	
43	6	
44	6	
45	6	
46	6	
47	6	
48	6	
49	7	
50	7	
51	8	
52	8	
53	8	
54	8	
55	8	
56	8	
57	8	
58	8	
59	8	
60	8	
61	8	
62	8	
63	8	
64	8	
65	7	
66	7	
67	7	
68	7	
69	7	
70	7	
71	8	
72	9	
73	9	
74	9	
75	9	
76	9	
77	10	
78	10	
79	10	
80	10	
81	10	
82	10	
83	10	
84	11	
85	12	
86	12	
87	12	
88	12	
89	11	
90	12	
91	13	
92	13	
93	13	
94	13	
95	14	
96	13	
97	13	
98	13	
99	12	
100	12	
101	12	
102	12	
103	13	
104	12	
105	12	
106	13	
107	13	
108	13	
109	13	
110	13	
111	13	
112	14	
113	14	
114	14	
115	14	
116	14	
117	14	
118	15	
119	15	
120	15	
121	15	
122	15	
123	14	
124	14	
125	15	
126	15	
127	15	
128	15	
129	15	
130	15	
131	15	
132	15	
133	15	
134	15	
135	15	
136	15	
137	15	
138	15	
139	15	
140	15	
141	15	
142	15	
143	16	
144	16	
145	16	
146	16	
147	16	
148	16	
149	15	
150	15	
151	15	
152	15	
153	15	
154	15	
155	16	
156	15	
157	15	
158	16	
159	16	
160	15	
161	15	
162	15	
163	15	
164	15	
165	15	
166	15	
167	15	
168	15	
169	16	
170	16	
171	16	
172	16	
173	16	
174	15	
175	15	
176	15	
177	15	
178	15	
179	15	
180	15	
181	15	
182	15	
183	15	
184	16	
185	16	
186	16	
187	16	
188	16	
189	16	
190	16	
191	16	
192	17	
193	17	
194	18	
195	17	
196	17	
197	17	
198	18	
199	18	
200	18	
201	18	
202	18	
203	18	
204	18	
205	18	
206	17	
207	18	
208	17	
209	17	
210	17	
211	18	
212	17	
213	16	
214	15	
215	15	
216	15	
217	15	
218	15	
219	15	
220	15	
221	15	
222	16	
223	16	
224	16	
225	16	
226	16	
227	16	
228	16	
229	16	
230	17	
231	17	
232	18	
233	19	
234	19	
235	19	
236	20	
237	20	
238	21	
239	22	
240	21	
241	21	
242	21	
243	21	
244	21	
245	21	
246	21	
247	21	
248	22	
249	22	
250	23	
251	23	
252	23	
253	23	
254	23	
255	24	
256	23	
257	23	
258	23	
259	23	
260	23	
261	23	
262	23	
263	24	
264	25	
265	26	
266	25	
267	25	
268	25	
269	25	
270	25	
271	25	
272	25	
273	25	
274	25	
275	25	
276	26	
277	25	
278	25	
279	25	
280	25	
281	25	
282	25	
283	25	
284	25	
285	26	
286	25	
287	25	
288	25	
289	25	
290	25	
291	26	
292	26	
293	26	
294	26	
295	27	
296	28	
297	28	
298	27	
299	27	
300	27	
301	28	
302	28	
303	28	
304	29	
305	29	
306	28	
307	28	
308	28	
309	28	
310	28	
311	29	
312	28	
313	28	
314	28	
315	28	
316	29	
317	29	
318	29	
319	29	
320	30	
321	30	
322	30	
323	30	
324	29	
325	29	
326	29	
327	29	
328	30	
329	29	
330	29	
331	30	
332	30	
333	31	
334	30	
335	31	
336	31	
337	31	
338	31	
339	31	
340	31	
341	31	
342	32	
343	32	
344	31	
345	32	
346	32	
347	33	
348	34	
349	34	
350	34	
351	35	
352	36	
353	36	
354	36	
355	36	
356	36	
357	36	
358	36	
359	37	
360	37	
361	37	
362	37	
363	38	
364	39	
365	39	
366	38	
367	37	
368	37	
369	38	
370	37	
371	37	
372	37	
373	37	
374	37	
375	37	
376	37	
377	37	
378	37	
379	37	
380	37	
381	37	
382	37	
383	37	
384	37	
385	37	
386	36	
387	36	
388	36	
389	36	
390	37	
391	38	
392	38	
393	38	
394	38	
395	38	
396	39	
397	39	
398	39	
399	39	
400	39	
401	39	
402	39	
403	38	
404	38	
405	38	
406	39	
407	38	
408	37	
409	38	
410	38	
411	38	
412	38	
413	38	
414	38	
415	38	
416	37	
417	37	
418	37	
419	38	
420	39	
421	39	
422	39	
423	39	
424	38	
425	38	
426	38	
427	38	
428	38	
429	38	
430	39	
431	39	
432	39	
433	39	
434	39	
435	39	
436	39	
437	39	
438	39	
439	39	
440	39	
441	40	
442	40	
443	40	
444	40	
445	40	
446	39	
447	39	
448	39	
449	39	
450	39	
451	39	
452	40	
453	39	
454	39	
455	39	
456	39	
457	39	
458	39	
459	40	
460	39	
461	39	
462	39	
463	39	
464	40	
465	40	
466	41	
467	41	
468	41	
469	41	
470	41	
471	41	
472	41	
473	42	
474	42	
475	42	
476	42	
477	41	
478	41	
479	42	
480	42	
481	42	
482	42	
483	42	
484	42	
485	42	
486	42	
487	43	
488	44	
489	45	
490	44	
491	45	
492	45	
493	44	
494	45	
495	45	
496	45	
497	45	
498	45	
499	46	
500	46	
501	46	
502	47	
503	46	
504	46	
505	46	
506	46	
507	47	
508	46	
509	46	
510	47	
511	47	
512	47	
513	47	
514	47	
515	48	
516	48	
517	48	
518	48	
519	48	
520	48	
521	48	
522	48	
523	48	
524	48	
525	48	
526	48	
527	48	
528	48	
529	48	
530	48	
531	48	
532	48	
533	48	
534	47	
535	47	
536	47	
537	47	
538	46	
539	46	
540	46	
541	46	
542	46	
543	45	
544	45	
545	45	
546	46	
547	46	
548	46	
549	46	
550	47	
551	46	
552	45	
553	45	
554	45	
555	45	
556	45	
557	45	
558	46	
559	46	
560	46	
561	46	
562	47	
563	47	
564	48	
565	49	
566	49	
567	48	
568	47	
569	47	
570	46	
571	46	
572	46	
573	47	
574	47	
575	48	
576	48	
577	49	
578	49	
579	49	
580	50	
581	51	
582	51	
583	51	
584	50	
585	50	
586	50	
587	50	
588	49	
589	48	
590	48	
591	49	
592	50	
593	50	
594	51	
595	51	
596	52	
597	52	
598	52	
599	53	
600	53	
601	53	
602	53	
603	53	
604	53	
605	53	
606	53	
607	53	
608	53	
609	53	
610	53	
611	53	
612	53	
613	53	
614	53	
615	53	
616	53	
617	54	
618	54	
619	54	
620	54	
621	55	
622	55	
623	55	
624	55	
625	55	
626	56	
627	56	
628	56	
629	56	
630	56	
631	56	
632	56	
633	57	
634	56	
635	56	
636	56	
637	56	
638	55	
639	56	
640	56	
641	55	
642	55	
643	55	
644	54	
645	55	
646	54	
647	54	
648	54	
649	54	
650	54	
651	55	
652	55	
653	54	
654	54	
655	54	
656	54	
657	54	
658	55	
659	55	
660	56	
661	57	
662	56	
663	56	
664	57	
665	57	
666	57	
667	57	
668	56	
669	56	
670	56	
671	56	
672	57	
673	57	
674	57	
675	57	
676	57	
677	57	
678	57	
679	57	
680	58	
681	58	
682	58	
683	58	
684	59	
685	59	
686	60	
687	60	
688	60	
689	61	
690	61	
691	61	
692	61	
693	61	
694	61	
695	61	
696	61	
697	61	
698	61	
699	61	
700	61	
701	62	
702	63	
703	63	
704	62	
705	62	
706	63	
707	63	
708	63	
709	63	
710	63	
711	63	
712	63	
713	63	
714	64	
715	63	
716	63	
717	63	
718	64	
719	64	
720	64	
721	64	
722	64	
723	64	
724	64	
725	64	
726	64	
727	64	
728	64	
729	64	
730	64	
731	64	
732	64	
733	64	
734	64	
735	65	
736	65	
737	65	
738	66	
739	66	
740	66	
741	66	
742	66	
743	67	
744	67	
745	66	
746	66	
747	66	
748	66	
749	66	
750	67	
751	67	
752	67	
753	67	
754	66	
755	66	
756	67	
757	67	
758	67	
759	67	
760	67	
761	67	
762	67	
763	67	
764	68	
765	67	
766	67	
767	66	
768	67	
769	66	
770	66	
771	66	
772	65	
773	65	
774	65	
775	65	
776	66	
777	66	
778	66	
779	65	
780	65	
781	65	
782	65	
783	65	
784	65	
785	65	
786	65	
787	66	
788	66	
789	67	
790	67	
791	67	
792	67	
793	67	
794	68	
795	68	
796	68	
797	68	
798	68	
799	68	
800	68	
801	68	
802	68	
803	68	
804	68	
805	67	
806	68	
807	69	
808	70	
809	70	
810	70	
811	71	
812	71	
813	71	
814	72	
815	72	
816	73	
817	73	
818	73	
819	73	
820	73	
821	73	
822	74	
823	74	
824	74	
825	74	
826	74	
827	74	
828	74	
829	74	
830	74	
831	75	
832	76	
833	76	
834	76	
835	76	
836	77	
837	78	
838	78	
839	78	
840	78	
841	78	
842	78	
843	78	
844	78	
845	78	
846	78	
847	78	
848	79	
849	79	
850	80	
851	81	
852	80	
853	80	
854	80	
855	80	
856	81	
857	80	
858	80	
859	80	
860	80	
861	80	
862	80	
863	80	
864	80	
865	80	
866	80	
867	80	
868	80	
869	80	
870	80	
871	80	
872	80	
873	81	
874	82	
875	82	
876	82	
877	82	
878	82	
879	83	
880	83	
881	83	
882	83	
883	84	
884	84	
885	84	
886	84	
887	84	
888	84	
889	84	
890	84	
891	84	
892	85	
893	85	
894	85	
895	85	
896	85	
897	85	
898	85	
899	86	
900	86	
901	86	
902	86	
903	87	
904	88	
905	89	
906	89	
907	90	
908	89	
909	88	
910	88	
911	88	
912	88	
913	89	
914	89	
915	90	
916	89	
917	88	
918	87	
919	87	
920	87	
921	87	
922	87	
923	88	
924	88	
925	89	
926	89	
927	89	
928	90	
929	90	
930	90	
931	90	
932	90	
933	90	
934	90	
935	90	
936	90	
937	90	
938	90	
939	90	
940	90	
941	91	
942	91	
943	91	
944	91	
945	91	
946	92	
947	92	
948	92	
949	92	
950	92	
951	92	
952	92	
953	92	
954	92	
955	91	
956	92	
957	92	
958	92	
959	93	
960	93	
961	93	
962	94	
963	94	
964	94	
965	93	
966	93	
967	93	
968	93	
969	94	
970	94	
971	94	
972	94	
973	95	
974	95	
975	96	
976	96	
977	96	
978	95	
979	95	
980	95	
981	95	
982	95	
983	94	
984	94	
985	94	
986	94	
987	94	
988	93	
989	93	
990	93	
991	94	
992	93	
993	93	
994	93	
995	92	
996	91	
997	91	
998	91	
999	92	
1000	91	
1001	91	
1002	91	
1003	91	
1004	91	
1005	91	
1006	91	
1007	91	
1008	90	
1009	90	
1010	91	
1011	91	
1012	91	
1013	91	
1014	91	
1015	91	
1016	91	
1017	91	
1018	91	
1019	91	
1020	92	
1021	93	
1022	92	
1023	92	
1024	91	
1025	91	
1026	91	
1027	90	
1028	89	
1029	90	
1030	90	
1031	90	
1032	90	
1033	91	
1034	90	
1035	90	
1036	91	
1037	91	
1038	91	
1039	90	
1040	90	
1041	90	
1042	90	
1043	89	
1044	90	
1045	90	
1046	90	
1047	90	
1048	89	
1049	88	
1050	88	
1051	88	
1052	88	
1053	89	
1054	89	
1055	89	
1056	90	
1057	90	
1058	90	
1059	90	
1060	90	
1061	90	
1062	90	
1063	91	
1064	90	
1065	89	
1066	89	
1067	89	
1068	89	
1069	89	
1070	90	
1071	90	
1072	90	
1073	90	
1074	90	
1075	90	
1076	90	
1077	90	
1078	89	
1079	89	
1080	89	
1081	89	
1082	89	
1083	89	
1084	89	
1085	89	
1086	89	
1087	90	
1088	89	
1089	89	
1090	90	
1091	89	
1092	90	
1093	90	
1094	90	
1095	90	
1096	90	
1097	90	
1098	90	
1099	90	
1100	90	
1101	90	
1102	90	
1103	91	
1104	91	
1105	91	
1106	91	
1107	91	
1108	92	
1109	92	
1110	92	
1111	93	
1112	94	
1113	94	
1114	93	
1115	93	
1116	93	
1117	93	
1118	93	
1119	93	
1120	93	
1121	93	
1122	93	
1123	93	
1124	93	
1125	93	
1126	93	
1127	93	
1128	93	
1129	94	
1130	94	
1131	93	
1132	93	
1133	93	
1134	94	
1135	94	
1136	94	
1137	94	
1138	95	
1139	95	
1140	95	
1141	95	
1142	96	
1143	95	
1144	95	
1145	96	
1146	96	
1147	95	
1148	95	
1149	95	
1150	96	
1151	96	
1152	96	
1153	96	
1154	96	
1155	96	
1156	96	
1157	96	
1158	97	
1159	97	
1160	97	
1161	97	
1162	97	
1163	97	
1164	97	
1165	97	
1166	98	
1167	99	
1168	99	
1169	99	
1170	99	
1171	99	
1172	99	
1173	99	
1174	99	
1175	99	
1176	99	
1177	98	
1178	99	
1179	99	
1180	99	
1181	99	
1182	99	
1183	99	
1184	99	
1185	99	
1186	99	
1187	99	
1188	99	
1189	99	
1190	100	
1191	101	
1192	102	
1193	102	
1194	102	
1195	101	
1196	102	
1197	102	
1198	102	
1199	102	
1200	102	
1201	101	
1202	102	
1203	102	
1204	102	
1205	103	
1206	103	
1207	103	
1208	103	
1209	103	
1210	103	
1211	103	
1212	102	
1213	101	
1214	101	
1215	101	
1216	102	
1217	101	
1218	101	
1219	102	
1220	101	
1221	101	
1222	101	
1223	101	
1224	101	
1225	101	
1226	101	
1227	100	
1228	100	
1229	100	
1230	100	
1231	100	
1232	100	
1233	99	
1234	99	
1235	99	
1236	98	
1237	98	
1238	98	
1239	98	
1240	98	
1241	99	
1242	98	
1243	98	
1244	98	
1245	97	
1246	98	
1247	97	
1248	97	
1249	98	
1250	97	
1251	97	
1252	97	
1253	96	
1254	96	
1255	95	
1256	96	
1257	96	
1258	96	
1259	96	
1260	97	
1261	98	
1262	98	
1263	98	
1264	98	
1265	98	
1266	98	
1267	98	
1268	98	
1269	99	
1270	99	
1271	99	
1272	99	
1273	99	
1274	99	
1275	99	
1276	99	
1277	99	
1278	99	
1279	98	
1280	98	
1281	99	
1282	99	
1283	99	
1284	100	
1285	100	
1286	100	
1287	99	
1288	98	
1289	98	
1290	97	
1291	97	
1292	96	
1293	97	
1294	96	
1295	95	
1296	94	
1297	93	
1298	92	
1299	92	
1300	91	
1301	90	
1302	89	
1303	88	
1304	89	
1305	89	
1306	89	
1307	89	
1308	88	
1309	87	
1310	88	
1311	88	
1312	87	
1313	86	
1314	85	
1315	84	
1316	85	
1317	85	
1318	85	
1319	84	
1320	83	
1321	83	
1322	82	
1323	81	
1324	81	
1325	80	
1326	81	
1327	80	
1328	81	
1329	80	
1330	81	
1331	81	
1332	80	
1333	80	
1334	79	
1335	78	
1336	79	
1337	78	
1338	77	
1339	76	
1340	75	
1341	76	
1342	75	
1343	74	
1344	74	
1345	75	
1346	76	
1347	75	
1348	75	
1349	75	
1350	76	
1351	76	
1352	76	
1353	76	
1354	75	
1355	75	
1356	76	
1357	76	
1358	76	
1359	77	
1360	77	
1361	77	
1362	77	
1363	76	
1364	75	
1365	75	
1366	76	
1367	76	
1368	75	
1369	74	
1370	75	
1371	74	
1372	73	
1373	72	
1374	71	
1375	71	
1376	70	
1377	71	
1378	71	
1379	70	
1380	71	
1381	72	
1382	72	
1383	71	
1384	70	
1385	70	
1386	69	
1387	68	
1388	68	
1389	67	
1390	66	
1391	67	
1392	66	
1393	65	
1394	64	
1395	63	
1396	63	
1397	63	
1398	64	
1399	63	
1400	62	
1401	63	
1402	62	
1403	63	
1404	63	
1405	64	
1406	64	
1407	64	
1408	65	
1409	65	
1410	64	
1411	63	
1412	62	
1413	62	
1414	63	
1415	63	
1416	64	
1417	63	
1418	63	
1419	63	
1420	63	
1421	63	
1422	63	
1423	63	
1424	63	
1425	64	
1426	63	
1427	62	
1428	62	
1429	62	
1430	62	
1431	62	
1432	63	
1433	63	
1434	62	
1435	61	
1436	61	
1437	61	
1438	60	
1439	60	
1440	60	
1441	61	
1442	62	
1443	61	
1444	61	
1445	62	
1446	62	
1447	62	
1448	62	
1449	63	
1450	63	
1451	63	
1452	63	
1453	62	
1454	63	
1455	63	
1456	63	
1457	62	
1458	62	
1459	61	
1460	62	
1461	61	
1462	61	
1463	60	
1464	60	
1465	61	
1466	60	
1467	60	
1468	60	
1469	61	
1470	60	
1471	59	
1472	59	
1473	59	
1474	58	
1475	58	
1476	58	
1477	59	
1478	60	
1479	61	
1480	61	
1481	62	
1482	63	
1483	63	
1484	62	
1485	62	
1486	62	
1487	63	
1488	62	
1489	62	
1490	62	
1491	63	
1492	62	
1493	61	
1494	61	
1495	61	
1496	61	
1497	60	
1498	60	
1499	60	
1500	60	
1501	60	
1502	61	
1503	61	
1504	60	
1505	59	
1506	58	
1507	59	
1508	60	
1509	60	
1510	59	
1511	59	
1512	60	
1513	59	
1514	59	
1515	60	
1516	60	
1517	60	
1518	61	
1519	60	
1520	59	
1521	58	
1522	58	
1523	59	
1524	59	
1525	59	
1526	58	
1527	57	
1528	56	
1529	56	
1530	56	
1531	55	
1532	55	
1533	55	
1534	54	
1535	53	
1536	52	
1537	52	
1538	53	
1539	53	
1540	53	
1541	54	
1542	54	
1543	53	
1544	54	
1545	54	
1546	54	
1547	55	
1548	54	
1549	54	
1550	55	
1551	54	
1552	54	
1553	53	
1554	53	
1555	52	
1556	52	
1557	52	
1558	52	
1559	51	
1560	51	
1561	51	
1562	50	
1563	51	
1564	51	
1565	52	
1566	52	
1567	52	
1568	52	
1569	52	
1570	52	
1571	51	
1572	51	
1573	52	
1574	52	
1575	52	
1576	52	
1577	53	
1578	54	
1579	53	
1580	54	
1581	54	
1582	55	
1583	55	
1584	54	
1585	54	
1586	54	
1587	54	
1588	55	
1589	56	
1590	57	
1591	56	
1592	57	
1593	58	
1594	58	
1595	57	
1596	56	
1597	55	
1598	55	
1599	54	
1600	54	
1601	55	
1602	54	
1603	54	
1604	55	
1605	55	
1606	54	
1607	55	
1608	55	
1609	55	
1610	56	
1611	57	
1612	57	
1613	58	
1614	58	
1615	59	
1616	59	
1617	59	
1618	59	
1619	59	
1620	59	
1621	59	
1622	59	
1623	58	
1624	58	
1625	57	
1626	57	
1627	57	
1628	57	
1629	58	
1630	58	
1631	58	
1632	57	
1633	56	
1634	56	
1635	56	
1636	55	
1637	54	
1638	53	
1639	52	
1640	52	
1641	52	
1642	53	
1643	53	
1644	52	
1645	52	
1646	51	
1647	51	
1648	51	
1649	52	
1650	52	
1651	51	
1652	51	
1653	51	
1654	51	
1655	51	
1656	51	
1657	51	
1658	52	
1659	52	
1660	53	
1661	53	
1662	52	
1663	52	
1664	53	
1665	52	
1666	53	
1667	54	
1668	53	
1669	52	
1670	51	
1671	51	
1672	50	
1673	50	
1674	49	
1675	48	
1676	47	
1677	47	
1678	47	
1679	46	
1680	45	
1681	44	
1682	44	
1683	44	
1684	44	
1685	44	
1686	43	
1687	43	
1688	43	
1689	43	
1690	44	
1691	44	
1692	44	
1693	43	
1694	44	
1695	45	
1696	46	
1697	45	
1698	46	
1699	45	
1700	44	
1701	45	
1702	44	
1703	43	
1704	43	
1705	42	
1706	41	
1707	41	
1708	40	
1709	40	
1710	39	
1711	39	
1712	39	
1713	38	
1714	37	
1715	37	
1716	36	
1717	37	
1718	36	
1719	36	
1720	36	
1721	35	
1722	36	
1723	36	
1724	36	
1725	35	
1726	35	
1727	36	
1728	36	
1729	35	
1730	35	
1731	35	
1732	34	
1733	34	
1734	34	
1735	33	
1736	33	
1737	32	
1738	32	
1739	32	
1740	32	
1741	33	
1742	34	
1743	33	
1744	33	
1745	33	
1746	32	
1747	32	
1748	32	
1749	32	
1750	33	
1751	33	
1752	32	
1753	33	
1754	33	
1755	33	
1756	32	
1757	31	
1758	30	
1759	30	
1760	29	
1761	29	
1762	30	
1763	30	
1764	31	
1765	32	
1766	32	
1767	32	
1768	31	
1769	31	
1770	31	
1771	32	
1772	32	
1773	32	
1774	32	
1775	33	
1776	34	
1777	34	
1778	34	
1779	33	
1780	33	
1781	33	
1782	33	
1783	33	
1784	32	
1785	33	
1786	33	
1787	33	
1788	33	
1789	34	
1790	34	
1791	34	
1792	34	
1793	33	
1794	33	
1795	33	
1796	34	
1797	34	
1798	33	
1799	34	
1800	34	
1801	34	
1802	34	
1803	33	
1804	33	
1805	33	
1806	34	
1807	33	
1808	34	
1809	33	
1810	32	
1811	31	
1812	31	
1813	31	
1814	30	
1815	30	
1816	31	
1817	31	
1818	31	
1819	31	
1820	31	
1821	31	
1822	31	
1823	32	
1824	32	
1825	32	
1826	31	
1827	31	
1828	31	
1829	32	
1830	32	
1831	33	
1832	34	
1833	33	
1834	34	
1835	34	
1836	34	
1837	34	
1838	34	
1839	35	
1840	36	
1841	36	
1842	35	
1843	36	
1844	36	
1845	35	
1846	34	
1847	35	
1848	35	
1849	34	
1850	34	
1851	34	
1852	34	
1853	34	
1854	33	
1855	33	
1856	34	
1857	33	
1858	32	
1859	33	
1860	34	
1861	34	
1862	34	
1863	33	
1864	33	
1865	33	
1866	34	
1867	34	
1868	34	
1869	33	
1870	33	
1871	33	
1872	33	
1873	33	
1874	34	
1875	34	
1876	34	
1877	34	
1878	34	
1879	34	
1880	34	
1881	34	
1882	35	
1883	34	
1884	35	
1885	36	
1886	36	
1887	36	
1888	36	
1889	36	
1890	35	
1891	36	
1892	36	
1893	35	
1894	34	
1895	33	
1896	34	
1897	34	
1898	34	
1899	35	
1900	35	
1901	35	
1902	36	
1903	35	
1904	35	
1905	35	
1906	34	
1907	35	
1908	34	
1909	34	
1910	35	
1911	36	
1912	35	
1913	36	
1914	35	
1915	35	
1916	35	
1917	34	
1918	35	
1919	35	
1920	35	
1921	35	
1922	35	
1923	34	
1924	33	
1925	34	
1926	34	
1927	34	
1928	33	
1929	33	
1930	33	
1931	33	
1932	33	
1933	33	
1934	33	
1935	34	
1936	34	
1937	34	
1938	34	
1939	35	
1940	36	
1941	36	
1942	35	
1943	36	
1944	35	
1945	35	
1946	35	
1947	35	
1948	35	
1949	34	
1950	35	
1951	34	
1952	33	
1953	32	
1954	33	
1955	33	
1956	33	
1957	33	
1958	34	
1959	34	
1960	33	
1961	34	
1962	35	
1963	35	
1964	35	
1965	35	
1966	35	
1967	35	
1968	35	
1969	35	
1970	34	
1971	34	
1972	34	
1973	33	
1974	33	
1975	34	
1976	34	
1977	35	
1978	35	
1979	35	
1980	36	
1981	36	
1982	36	
1983	35	
1984	35	
1985	35	
1986	35	
1987	36	
1988	37	
1989	38	
1990	39	
1991	40	
1992	41	
1993	41	
1994	40	
1995	41	
1996	40	
1997	39	
1998	38	
1999	38	
2000	37	
2001	37	
2002	37	
2003	38	
2004	39	
2005	39	
2006	39	
2007	40	
2008	39	
2009	40	
2010	40	
2011	40	
2012	39	
2013	39	
2014	39	
2015	39	
2016	38	
2017	38	
2018	38	
2019	39	
2020	39	
2021	39	
2022	39	
2023	39	
2024	40	
2025	41	
2026	42	
2027	42	
2028	41	
2029	41	
2030	41	
2031	42	
2032	42	
2033	41	
2034	41	
2035	42	
2036	42	
2037	42	
2038	43	
2039	42	
2040	42	
2041	42	
2042	43	
2043	43	
2044	42	
2045	42	
2046	42	
2047	42	
2048	42	
2049	42	
2050	42	
2051	42	
2052	42	
2053	43	
2054	44	
2055	44	
2056	45	
2057	46	
2058	46	
2059	47	
2060	47	
2061	48	
2062	47	
2063	48	
2064	48	
2065	48	
2066	47	
2067	46	
2068	45	
2069	45	
2070	44	
2071	44	
2072	45	
2073	45	
2074	45	
2075	46	
2076	45	
2077	44	
2078	45	
2079	46	
2080	46	
2081	47	
2082	48	
2083	47	
2084	46	
2085	45	
2086	44	
2087	44	
2088	44	
2089	44	
2090	44	
2091	44	
2092	44	
2093	44	
2094	43	
2095	44	
2096	44	
2097	45	
2098	46	
2099	46	
2100	45	
2101	45	
2102	45	
2103	45	
2104	45	
2105	44	
2106	44	
2107	45	
2108	45	
2109	46	
2110	46	
2111	46	
2112	46	
2113	47	
2114	48	
2115	47	
2116	46	
2117	46	
2118	47	
2119	47	
2120	47	
2121	47	
2122	47	
2123	46	
2124	46	
2125	47	
2126	46	
2127	46	
2128	47	
2129	47	
2130	47	
2131	47	
2132	47	
2133	47	
2134	47	
2135	47	
2136	47	
2137	48	
2138	47	
2139	48	
2140	48	
2141	48	
2142	47	
2143	47	
2144	46	
2145	47	
2146	47	
2147	48	
2148	48	
2149	48	
2150	47	
2151	46	
2152	46	
2153	46	
2154	46	
2155	46	
2156	47	
2157	47	
2158	48	
2159	48	
2160	47	
2161	47	
2162	47	
2163	47	
2164	47	
2165	46	
2166	45	
2167	46	
2168	47	
2169	48	
2170	48	
2171	48	
2172	49	
2173	49	
2174	48	
2175	47	
2176	46	
2177	47	
2178	47	
2179	47	
2180	46	
2181	45	
2182	45	
2183	46	
2184	46	
2185	46	
2186	46	
2187	47	
2188	46	
2189	46	
2190	47	
2191	47	
2192	47	
2193	47	
2194	46	
2195	46	
2196	45	
2197	46	
2198	46	
2199	47	
2200	48	
2201	47	
2202	48	
2203	48	
2204	48	
2205	48	
2206	48	
2207	48	
2208	48	
2209	47	
2210	47	
2211	47	
2212	47	
2213	47	
2214	47	
2215	47	
2216	47	
2217	48	
2218	49	
2219	48	
2220	47	
2221	48	
2222	48	
2223	49	
2224	48	
2225	47	
2226	47	
2227	47	
2228	47	
2229	48	
2230	49	
2231	48	
2232	49	
2233	49	
2234	48	
2235	48	
2236	47	
2237	47	
2238	47	
2239	46	
2240	47	
2241	46	
2242	46	
2243	46	
2244	47	
2245	47	
2246	47	
2247	46	
2248	47	
2249	47	
2250	48	
2251	48	
2252	49	
2253	48	
2254	48	
2255	48	
2256	49	
2257	49	
2258	50	
2259	51	
2260	50	
2261	50	
2262	51	
2263	52	
2264	51	
2265	51	
2266	52	
2267	51	
2268	51	
2269	52	
2270	51	
2271	50	
2272	50	
2273	50	
2274	51	
2275	51	
2276	51	
2277	51	
2278	52	
2279	52	
2280	53	
2281	52	
2282	53	
2283	54	
2284	55	
2285	55	
2286	55	
2287	54	
2288	55	
2289	55	
2290	56	
2291	57	
2292	56	
2293	57	
2294	58	
2295	57	
2296	57	
2297	57	
2298	57	
2299	58	
2300	58	
2301	58	
2302	59	
2303	58	
2304	59	
2305	59	
2306	59	
2307	58	
2308	59	
2309	59	
2310	60	
2311	61	
2312	61	
2313	61	
2314	61	
2315	62	
2316	62	
2317	61	
2318	61	
2319	62	
2320	61	
2321	60	
2322	61	
2323	60	
2324	61	
2325	62	
2326	62	
2327	63	
2328	63	
2329	64	
2330	65	
2331	65	
2332	65	
2333	66	
2334	67	
2335	66	
2336	66	
2337	66	
2338	66	
2339	66	
2340	67	
2341	66	
2342	67	
2343	68	
2344	67	
2345	67	
2346	67	
2347	68	
2348	69	
2349	70	
2350	69	
2351	69	
2352	68	
2353	67	
2354	67	
2355	67	
2356	68	
2357	68	
2358	68	
2359	69	
2360	69	
2361	70	
2362	70	
2363	69	
2364	70	
2365	69	
2366	70	
2367	69	
2368	70	
2369	70	
2370	70	
2371	69	
2372	70	
2373	71	
2374	70	
2375	69	
2376	69	
2377	68	
2378	69	
2379	69	
2380	69	
2381	69	
2382	69	
2383	70	
2384	70	
2385	69	
2386	70	
2387	70	
2388	71	
2389	72	
2390	72	
2391	71	
2392	71	
2393	72	
2394	72	
2395	72	
2396	73	
2397	72	
2398	73	
2399	72	
2400	73	
2401	73	
2402	74	
2403	73	
2404	74	
2405	74	
2406	73	
2407	74	
2408	75	
2409	75	
2410	76	
2411	75	
2412	74	
2413	75	
2414	75	
2415	75	
2416	76	
2417	75	
2418	76	
2419	75	
2420	76	
2421	76	
2422	76	
2423	76	
2424	77	
2425	77	
2426	77	
2427	77	
2428	78	
2429	78	
2430	77	
2431	77	
2432	78	
2433	78	
2434	79	
2435	79	
2436	78	
2437	77	
2438	78	
2439	79	
2440	80	
2441	79	
2442	78	
2443	77	
2444	78	
2445	78	
2446	78	
2447	79	
2448	78	
2449	77	
2450	78	
2451	78	
2452	79	
2453	79	
2454	80	
2455	79	
2456	80	
2457	80	
2458	81	
2459	81	
2460	82	
2461	81	
2462	82	
2463	83	
2464	83	
2465	84	
2466	83	
2467	82	
2468	83	
2469	82	
2470	82	
2471	82	
2472	82	
2473	82	
2474	82	
2475	82	
2476	82	
2477	81	
2478	82	
2479	82	
2480	82	
2481	81	
2482	82	
2483	81	
2484	81	
2485	81	
2486	82	
2487	83	
2488	83	
2489	82	
2490	83	
2491	83	
2492	84	
2493	84	
2494	84	
2495	84	
2496	84	
2497	85	
2498	84	
2499	84	
2500	85	
2501	84	
2502	85	
2503	86	
2504	86	
2505	86	
2506	86	
2507	85	
2508	86	
2509	85	
2510	86	
2511	85	
2512	86	
2513	87	
2514	86	
2515	87	
2516	86	
2517	86	
2518	87	
2519	86	
2520	87	
2521	86	
2522	87	
2523	86	
2524	87	
2525	87	
2526	88	
2527	89	
2528	88	
2529	87	
2530	88	
2531	89	
2532	90	
2533	90	
2534	89	
2535	89	
2536	89	
2537	89	
2538	89	
2539	90	
2540	90	
2541	90	
2542	91	
2543	91	
2544	91	
2545	91	
2546	92	
2547	91	
2548	91	
2549	90	
2550	91	
2551	92	
2552	92	
2553	92	
2554	93	
2555	93	
2556	93	
2557	93	
2558	94	
2559	94	
2560	95	
2561	94	
2562	95	
2563	95	
2564	96	
2565	96	
2566	97	
2567	96	
2568	97	
2569	97	
2570	97	
2571	96	
2572	96	
2573	96	
2574	96	
2575	97	
2576	96	
2577	95	
2578	96	
2579	96	
2580	97	
2581	97	
2582	96	
2583	97	
2584	96	
2585	96	
2586	97	
2587	97	
2588	97	
2589	97	
2590	97	
2591	98	
2592	99	
2593	98	
2594	98	
2595	99	
2596	98	
2597	97	
2598	97	
2599	97	
2600	98	
2601	99	
2602	99	
2603	100	
2604	100	
2605	99	
2606	100	
2607	100	
2608	101	
2609	101	
2610	101	
2611	101	
2612	102	
2613	102	
2614	103	
2615	103	
2616	103	
2617	103	
2618	103	
2619	103	
2620	104	
2621	104	
2622	104	
2623	104	
2624	104	
2625	103	
2626	104	
2627	103	
2628	103	
2629	103	
2630	103	
2631	103	
2632	104	
2633	104	
2634	105	
2635	104	
2636	104	
2637	105	
2638	105	
2639	105	
2640	106	
2641	105	
2642	106	
2643	106	
2644	106	
2645	105	
2646	105	
2647	105	
2648	105	
2649	105	
2650	105	
2651	104	
2652	105	
2653	105	
2654	106	
2655	106	
2656	107	
2657	106	
2658	107	
2659	106	
2660	106	
2661	106	
2662	106	
2663	105	
2664	106	
2665	107	
2666	107	
2667	107	
2668	106	
2669	106	
2670	106	
2671	106	
2672	107	
2673	106	
2674	107	
2675	107	
2676	107	
2677	106	
2678	107	
2679	107	
2680	108	
2681	109	
2682	108	
2683	107	
2684	108	
2685	109	
2686	109	
2687	108	
2688	109	
2689	109	
2690	110	
2691	109	
2692	110	
2693	111	
2694	111	
2695	111	
2696	112	
2697	112	
2698	113	
2699	112	
2700	113	
2701	113	
2702	114	
2703	114	
2704	114	
2705	114	
2706	115	
2707	115	
2708	116	
2709	116	
2710	116	
2711	116	
2712	116	
2713	116	
2714	116	
2715	117	
2716	117	
2717	117	
2718	118	
2719	117	
2720	118	
2721	118	
2722	118	
2723	118	
2724	119	
2725	118	
2726	117	
2727	117	
2728	116	
2729	116	
2730	116	
2731	115	
2732	115	
2733	115	
2734	115	
2735	115	
2736	116	
2737	116	
2738	117	
2739	118	
2740	118	
2741	118	
2742	117	
2743	117	
2744	118	
2745	119	
2746	118	
2747	118	
2748	118	
2749	118	
2750	119	
2751	120	
2752	119	
2753	119	
2754	119	
2755	118	
2756	118	
2757	118	
2758	119	
2759	119	
2760	120	
2761	120	
2762	120	
2763	121	
2764	120	
2765	121	
2766	121	
2767	121	
2768	122	
2769	123	
2770	123	
2771	122	
2772	122	
2773	122	
2774	122	
2775	122	
2776	122	
2777	122	
2778	122	
2779	122	
2780	123	
2781	122	
2782	123	
2783	123	
2784	124	
2785	123	
2786	124	
2787	125	
2788	124	
2789	123	
2790	123	
2791	123	
2792	124	
2793	123	
2794	123	
2795	123	
2796	124	
2797	125	
2798	125	
2799	125	
2800	125	
2801	125	
2802	125	
2803	125	
2804	126	
2805	126	
2806	126	
2807	126	
2808	125	
2809	125	
2810	124	
2811	124	
2812	125	
2813	124	
2814	124	
2815	124	
2816	125	
2817	125	
2818	125	
2819	125	
2820	125	
2821	124	
2822	125	
2823	126	
2824	126	
2825	125	
2826	126	
2827	127	
2828	128	
2829	127	
2830	127	
2831	127	
2832	128	
2833	128	
2834	128	
2835	127	
2836	128	
2837	128	
2838	129	
2839	128	
2840	129	
2841	129	
2842	130	
2843	130	
2844	131	
2845	130	
2846	130	
2847	129	
2848	130	
2849	131	
2850	130	
2851	129	
2852	129	
2853	130	
2854	130	
2855	129	
2856	129	
2857	129	
2858	129	
2859	129	
2860	129	
2861	128	
2862	129	
2863	128	
2864	128	
2865	128	
2866	128	
2867	128	
2868	128	
2869	128	
2870	128	
2871	127	
2872	127	
2873	127	
2874	128	
2875	128	
2876	128	
2877	127	
2878	128	
2879	129	
2880	128	
2881	127	
2882	128	
2883	127	
2884	128	
2885	127	
2886	128	
2887	128	
2888	128	
2889	128	
2890	129	
2891	128	
2892	129	
2893	129	
2894	130	
2895	129	
2896	129	
2897	129	
2898	130	
2899	130	
2900	131	
2901	130	
2902	130	
2903	130	
2904	131	
2905	131	
2906	131	
2907	131	
2908	132	
2909	132	
2910	133	
2911	133	
2912	134	
2913	133	
2914	134	
2915	135	
2916	134	
2917	135	
2918	134	
2919	133	
2920	133	
2921	133	
2922	134	
2923	134	
2924	134	
2925	134	
2926	135	
2927	135	
2928	135	
2929	135	
2930	136	
2931	136	
2932	137	
2933	137	
2934	137	
2935	137	
2936	138	
2937	137	
2938	138	
2939	139	
2940	138	
2941	137	
2942	138	
2943	137	
2944	137	
2945	138	
2946	139	
2947	139	
2948	140	
2949	140	
2950	140	
2951	140	
2952	139	
2953	139	
2954	140	
2955	139	
2956	140	
2957	140	
2958	140	
2959	140	
2960	140	
2961	141	
2962	142	
2963	142	
2964	142	
2965	143	
2966	144	
2967	143	
2968	144	
2969	143	
2970	143	
2971	143	
2972	143	
2973	143	
2974	143	
2975	142	
2976	141	
2977	141	
2978	142	
2979	142	
2980	142	
2981	142	
2982	143	
2983	143	
2984	144	
2985	144	
2986	145	
2987	145	
2988	144	
2989	144	
2990	145	
2991	145	
2992	145	
2993	145	
2994	145	
2995	145	
2996	145	
2997	145	
2998	145	
2999	144	
3000	144	
3001	144	
3002	144	
3003	143	
3004	143	
3005	143	
3006	142	
3007	141	
3008	141	
3009	142	
3010	143	
3011	143	
3012	143	
3013	143	
3014	143	
3015	143	
3016	144	
3017	144	
3018	144	
3019	144	
3020	144	
3021	144	
3022	145	
3023	145	
3024	145	
3025	146	
3026	145	
3027	146	
3028	145	
3029	145	
3030	144	
3031	144	
3032	144	
3033	144	
3034	145	
3035	144	
3036	143	
3037	144	
3038	145	
3039	145	
3040	144	
3041	144	
3042	145	
3043	145	
3044	145	
3045	144	
3046	144	
3047	143	
3048	144	
3049	144	
3050	145	
3051	145	
3052	145	
3053	145	
3054	146	
3055	145	
3056	145	
3057	145	
3058	146	
3059	145	
3060	144	
3061	144	
3062	144	
3063	144	
3064	145	
3065	145	
3066	145	
3067	144	
3068	144	
3069	144	
3070	145	
3071	146	
3072	145	
3073	145	
3074	146	
3075	146	
3076	146	
3077	146	
3078	147	
3079	147	
3080	147	
3081	147	
3082	148	
3083	148	
3084	148	
3085	148	
3086	148	
3087	147	
3088	147	
3089	147	
3090	147	
3091	148	
3092	148	
3093	149	
3094	148	
3095	147	
3096	148	
3097	148	
3098	148	
3099	148	
3100	148	
3101	148	
3102	148	
3103	148	
3104	149	
3105	150	
3106	150	
3107	150	
3108	149	
3109	149	
3110	148	
3111	148	
3112	147	
3113	148	
3114	148	
3115	149	
3116	148	
3117	148	
3118	149	
3119	148	
3120	148	
3121	148	
3122	149	
3123	149	
3124	150	
3125	149	
3126	149	
3127	150	
3128	150	
3129	150	
3130	151	
3131	151	
3132	151	
3133	151	
3134	152	
3135	151	
3136	152	
3137	152	
3138	153	
3139	153	
3140	154	
3141	154	
3142	154	
3143	154	
3144	154	
3145	153	
3146	153	
3147	152	
3148	152	
3149	153	
3150	153	
3151	153	
3152	153	
3153	153	
3154	154	
3155	154	
3156	155	
3157	155	
3158	156	
3159	156	
3160	157	
3161	156	
3162	155	
3163	155	
3164	155	
3165	155	
3166	155	
3167	155	
3168	155	
3169	155	
3170	156	
3171	156	
3172	157	
3173	157	
3174	157	
3175	156	
3176	156	
3177	155	
3178	156	
3179	156	
3180	157	
3181	156	
3182	157	
3183	156	
3184	156	
3185	157	
3186	157	
3187	156	
3188	157	
3189	157	
3190	158	
3191	158	
3192	159	
3193	160	
3194	161	
3195	160	
3196	159	
3197	159	
3198	159	
3199	158	
3200	157	
3201	157	
3202	157	
3203	157	
3204	157	
3205	157	
3206	158	
3207	157	
3208	157	
3209	157	
3210	157	
3211	158	
3212	158	
3213	158	
3214	158	
3215	158	
3216	158	
3217	157	
3218	158	
3219	158	
3220	159	
3221	159	
3222	160	
3223	159	
3224	158	
3225	158	
3226	158	
3227	158	
3228	159	
3229	159	
3230	159	
3231	158	
3232	158	
3233	159	
3234	158	
3235	158	
3236	158	
3237	157	
3238	157	
3239	157	
3240	157	
3241	157	
3242	157	
3243	157	
3244	158	
3245	159	
3246	158	
3247	158	
3248	158	
3249	158	
3250	158	
3251	158	
3252	158	
3253	158	
3254	158	
3255	157	
3256	157	
3257	157	
3258	157	
3259	156	
3260	157	
3261	157	
3262	157	
3263	157	
3264	158	
3265	158	
3266	159	
3267	159	
3268	159	
3269	159	
3270	160	
3271	159	
3272	159	
3273	159	
3274	159	
3275	159	
3276	158	
3277	158	
3278	157	
3279	157	
3280	157	
3281	157	
3282	156	
3283	156	
3284	157	
3285	158	
3286	158	
3287	158	
3288	157	
3289	157	
3290	158	
3291	158	
3292	158	
3293	158	
3294	158	
3295	157	
3296	158	
3297	158	
3298	157	
3299	157	
3300	158	
3301	159	
3302	158	
3303	157	
3304	158	
3305	157	
3306	157	
3307	157	
3308	157	
3309	156	
3310	156	
3311	156	
3312	156	
3313	156	
3314	157	
3315	157	
3316	157	
3317	157	
3318	157	
3319	157	
3320	158	
3321	158	
3322	158	
3323	158	
3324	158	
3325	158	
3326	159	
3327	160	
3328	160	
3329	160	
3330	159	
3331	159	
3332	159	
3333	158	
3334	158	
3335	158	
3336	158	
3337	158	
3338	158	
3339	158	
3340	158	
3341	158	
3342	158	
3343	158	
3344	159	
3345	160	
3346	160	
3347	160	
3348	161	
3349	160	
3350	161	
3351	160	
3352	161	
3353	160	
3354	161	
3355	160	
3356	161	
3357	160	
3358	160	
3359	161	
3360	161	
3361	160	
3362	161	
3363	160	
3364	161	
3365	162	
3366	162	
3367	163	
3368	163	
3369	162	
3370	162	
3371	163	
3372	163	
3373	163	
3374	164	
3375	163	
3376	163	
3377	163	
3378	164	
3379	164	
3380	165	
3381	164	
3382	165	
3383	166	
3384	166	
3385	166	
3386	167	
3387	167	
3388	166	
3389	166	
3390	166	
3391	167	
3392	167	
3393	167	
3394	168	
3395	169	
3396	168	
3397	168	
3398	169	
3399	170	
3400	171	
3401	171	
3402	171	
3403	170	
3404	170	
3405	169	
3406	169	
3407	168	
3408	168	
3409	168	
3410	168	
3411	169	
3412	169	
3413	170	
3414	170	
3415	169	
3416	170	
3417	169	
3418	170	
3419	169	
3420	169	
3421	170	
3422	170	
3423	169	
3424	169	
3425	169	
3426	169	
3427	169	
3428	170	
3429	169	
3430	169	
3431	169	
3432	170	
3433	171	
3434	171	
3435	171	
3436	171	
3437	171	
3438	171	
3439	171	
3440	170	
3441	171	
3442	170	
3443	170	
3444	170	
3445	169	
3446	169	
3447	169	
3448	170	
3449	170	
3450	171	
3451	171	
3452	170	
3453	169	
3454	168	
3455	168	
3456	168	
3457	169	
3458	169	
3459	170	
3460	170	
3461	170	
3462	170	
3463	170	
3464	170	
3465	170	
3466	170	
3467	170	
3468	170	
3469	169	
3470	170	
3471	170	
3472	170	
3473	170	
3474	171	
3475	171	
3476	171	
3477	171	
3478	171	
3479	170	
3480	169	
3481	169	
3482	169	
3483	168	
3484	169	
3485	169	
3486	169	
3487	168	
3488	168	
3489	168	
3490	168	
3491	167	
3492	167	
3493	166	
3494	167	
3495	167	
3496	166	
3497	167	
3498	167	
3499	167	
3500	167	
3501	166	
3502	166	
3503	165	
3504	165	
3505	165	
3506	164	
3507	165	
3508	165	
3509	165	
3510	165	
3511	165	
3512	165	
3513	165	
3514	166	
3515	165	
3516	165	
3517	165	
3518	166	
3519	165	
3520	165	
3521	165	
3522	165	
3523	165	
3524	166	
3525	166	
3526	166	
3527	165	
3528	165	
3529	165	
3530	165	
3531	166	
3532	166	
3533	165	
3534	166	
3535	166	
3536	166	
3537	166	
3538	166	
3539	165	
3540	165	
3541	164	
3542	165	
3543	166	
3544	165	
3545	165	
3546	166	
3547	165	
3548	166	
3549	165	
3550	166	
3551	166	
3552	166	
3553	166	
3554	166	
3555	166	
3556	167	
3557	166	
3558	167	
3559	168	
3560	167	
3561	166	
3562	166	
3563	165	
3564	165	
3565	165	
3566	165	
3567	164	
3568	165	
3569	164	
3570	165	
3571	164	
3572	164	
3573	163	
3574	164	
3575	165	
3576	165	
3577	165	
3578	165	
3579	165	
3580	165	
3581	165	
3582	165	
3583	164	
3584	165	
3585	165	
3586	164	
3587	164	
3588	163	
3589	162	
3590	162	
3591	162	
3592	162	
3593	162	
3594	163	
3595	162	
3596	162	
3597	162	
3598	162	
3599	162	
3600	162	
3601	161	
3602	162	
3603	162	
3604	162	
3605	163	
3606	163	
3607	164	
3608	164	
3609	163	
3610	163	
3611	163	
3612	162	
3613	162	
3614	163	
3615	163	
3616	162	
3617	163	
3618	162	
3619	163	
3620	164	
3621	163	
3622	164	
3623	165	
3624	165	
3625	166	
3626	166	
3627	166	
3628	167	
3629	166	
3630	165	
3631	164	
3632	163	
3633	162	
3634	162	
3635	161	
3636	162	
3637	161	
3638	160	
3639	160	
3640	161	
3641	161	
3642	161	
3643	161	
3644	161	
3645	161	
3646	162	
3647	162	
3648	162	
3649	162	
3650	163	
3651	163	
3652	163	
3653	163	
3654	164	
3655	164	
3656	164	
3657	164	
3658	164	
3659	163	
3660	163	
3661	163	
3662	162	
3663	162	
3664	161	
3665	161	
3666	160	
3667	159	
3668	159	
3669	159	
3670	160	
3671	159	
3672	159	
3673	159	
3674	160	
3675	159	
3676	160	
3677	160	
3678	160	
3679	160	
3680	160	
3681	159	
3682	159	
3683	158	
3684	159	
3685	158	
3686	159	
3687	160	
3688	160	
3689	161	
3690	161	
3691	161	
3692	161	
3693	160	
3694	160	
3695	160	
3696	159	
3697	159	
3698	159	
3699	160	
3700	161	
3701	161	
3702	160	
3703	159	
3704	160	
3705	161	
3706	162	
3707	162	
3708	162	
3709	162	
3710	162	
3711	161	
3712	161	
3713	161	
3714	162	
3715	162	
3716	163	
3717	163	
3718	163	
3719	162	
3720	162	
3721	161	
3722	161	
3723	161	
3724	161	
3725	160	
3726	161	
3727	161	
3728	162	
3729	162	
3730	163	
3731	163	
3732	163	
3733	164	
3734	163	
3735	163	
3736	163	
3737	163	
3738	164	
3739	164	
3740	164	
3741	164	
3742	163	
3743	163	
3744	162	
3745	162	
3746	161	
3747	160	
3748	159	
3749	159	
3750	160	
3751	161	
3752	161	
3753	162	
3754	161	
3755	161	
3756	160	
3757	160	
3758	161	
3759	160	
3760	159	
3761	158	
3762	159	
3763	159	
3764	159	
3765	160	
3766	160	
3767	160	
3768	160	
3769	161	
3770	161	
3771	160	
3772	161	
3773	161	
3774	161	
3775	162	
3776	161	
3777	161	
3778	161	
3779	161	
3780	162	
3781	162	
3782	161	
3783	160	
3784	161	
3785	161	
3786	162	
3787	162	
3788	161	
3789	161	
3790	162	
3791	162	
3792	163	
3793	163	
3794	163	
3795	163	
3796	164	
3797	163	
3798	164	
3799	163	
3800	164	
3801	164	
3802	164	
3803	164	
3804	163	
3805	162	
3806	162	
3807	162	
3808	163	
3809	163	
3810	163	
3811	163	
3812	164	
3813	163	
3814	164	
3815	164	
3816	163	
3817	163	
3818	163	
3819	163	
3820	163	
3821	162	
3822	163	
3823	163	
3824	163	
3825	164	
3826	163	
3827	164	
3828	165	
3829	165	
3830	165	
3831	164	
3832	164	
3833	163	
3834	163	
3835	163	
3836	163	
3837	162	
3838	162	
3839	161	
3840	161	
3841	161	
3842	160	
3843	160	
3844	160	
3845	160	
3846	161	
3847	160	
3848	161	
3849	162	
3850	162	
3851	162	
3852	161	
3853	160	
3854	161	
3855	160	
3856	161	
3857	162	
3858	161	
3859	161	
3860	160	
3861	161	
3862	160	
3863	160	
3864	160	
3865	160	
3866	160	
3867	160	
3868	161	
3869	162	
3870	161	
3871	161	
3872	161	
3873	161	
3874	161	
3875	161	
3876	161	
3877	161	
3878	162	
3879	162	
3880	162	
3881	163	
3882	163	
3883	163	
3884	163	
3885	163	
3886	163	
3887	164	
3888	164	
3889	164	
3890	164	
3891	164	
3892	164	
3893	165	
3894	165	
3895	164	
3896	165	
3897	165	
3898	165	
3899	164	
3900	164	
3901	163	
3902	163	
3903	163	
3904	164	
3905	163	
3906	163	
3907	163	
3908	163	
3909	163	
3910	163	
3911	163	
3912	164	
3913	165	
3914	165	
3915	165	
3916	166	
3917	167	
3918	167	
3919	167	
3920	166	
3921	165	
3922	165	
3923	165	
3924	166	
3925	166	
3926	167	
3927	167	
3928	167	
3929	166	
3930	167	
3931	167	
3932	166	
3933	167	
3934	167	
3935	167	
3936	167	
3937	166	
3938	166	
3939	166	
3940	167	
3941	166	
3942	167	
3943	167	
3944	166	
3945	165	
3946	165	
3947	165	
3948	166	
3949	166	
3950	166	
3951	166	
3952	167	
3953	166	
3954	166	
3955	167	
3956	166	
3957	166	
3958	167	
3959	166	
3960	167	
3961	167	
3962	168	
3963	167	
3964	166	
3965	166	
3966	167	
3967	168	
3968	167	
3969	166	
3970	166	
3971	166	
3972	166	
3973	166	
3974	165	
3975	165	
3976	166	
3977	166	
3978	166	
3979	166	
3980	166	
3981	165	
3982	166	
3983	166	
3984	166	
3985	166	
3986	166	
3987	166	
3988	167	
3989	167	
3990	168	
3991	167	
3992	168	
3993	167	
3994	166	
3995	166	
3996	165	
3997	165	
3998	166	
3999	166	
4000	167	
4001	166	
4002	166	
4003	166	
4004	165	
4005	164	
4006	164	
4007	163	
4008	164	
4009	165	
4010	164	
4011	164	
4012	164	
4013	164	
4014	164	
4015	164	
4016	164	
4017	164	
4018	164	
4019	163	
4020	164	
4021	164	
4022	165	
4023	165	
4024	165	
4025	165	
4026	165	
4027	165	
4028	166	
4029	166	
4030	166	
4031	167	
4032	167	
4033	166	
4034	167	
4035	166	
4036	166	
4037	167	
4038	166	
4039	165	
4040	165	
4041	166	
4042	166	
4043	166	
4044	166	
4045	166	
4046	166	
4047	166	
4048	166	
4049	167	
4050	168	
4051	167	
4052	167	
4053	167	
4054	167	
4055	167	
4056	168	
4057	167	
4058	168	
4059	169	
4060	169	
4061	169	
4062	168	
4063	168	
4064	168	
4065	168	
4066	169	
4067	170	
4068	169	
4069	168	
4070	168	
4071	168	
4072	168	
4073	168	
4074	169	
4075	169	
4076	170	
4077	169	
4078	169	
4079	169	
4080	169	
4081	169	
4082	169	
4083	168	
4084	168	
4085	167	
4086	167	
4087	168	
4088	168	
4089	167	
4090	167	
4091	168	
4092	168	
4093	169	
4094	168	
4095	168	
4096	168	
4097	167	
4098	167	
4099	167	
4100	168	
4101	167	
4102	168	
4103	167	
4104	168	
4105	169	
4106	168	
4107	167	
4108	168	
4109	168	
4110	168	
4111	168	
4112	167	
4113	167	
4114	168	
4115	168	
4116	168	
4117	168	
4118	168	
4119	168	
4120	168	
4121	168	
4122	168	
4123	168	
4124	169	
4125	168	
4126	168	
4127	168	
4128	168	
4129	168	
4130	168	
4131	167	
4132	166	
4133	166	
4134	166	
4135	166	
4136	165	
4137	165	
4138	165	
4139	165	
4140	165	
4141	166	
4142	166	
4143	165	
4144	165	
4145	165	
4146	166	
4147	166	
4148	165	
4149	164	
4150	164	
4151	164	
4152	165	
4153	165	
4154	166	
4155	166	
4156	167	
4157	167	
4158	168	
4159	168	
4160	168	
4161	168	
4162	169	
4163	170	
4164	170	
4165	170	
4166	171	
4167	172	
4168	171	
4169	170	
4170	171	
4171	171	
4172	172	
4173	172	
4174	173	
4175	173	
4176	174	
4177	174	
4178	174	
4179	174	
4180	175	
4181	175	
4182	176	
4183	177	
4184	176	
4185	176	
4186	176	
4187	176	
4188	175	
4189	174	
4190	174	
4191	173	
4192	173	
4193	172	
4194	173	
4195	173	
4196	173	
4197	173	
4198	174	
4199	173	
4200	174	
4201	174	
4202	174	
4203	173	
4204	174	
4205	173	
4206	174	
4207	174	
4208	173	
4209	173	
4210	173	
4211	173	
4212	173	
4213	172	
4214	173	
4215	174	
4216	175	
4217	174	
4218	174	
4219	173	
4220	174	
4221	173	
4222	174	
4223	173	
4224	174	
4225	174	
4226	175	
4227	174	
4228	175	
4229	174	
4230	174	
4231	174	
4232	174	
4233	174	
4234	173	
4235	173	
4236	173	
4237	173	
4238	173	
4239	173	
4240	174	
4241	174	
4242	174	
4243	174	
4244	175	
4245	175	
4246	175	
4247	175	
4248	175	
4249	175	
4250	175	
4251	175	
4252	175	
4253	176	
4254	176	
4255	176	
4256	175	
4257	175	
4258	175	
4259	175	
4260	175	
4261	176	
4262	177	
4263	177	
4264	176	
4265	175	
4266	176	
4267	175	
4268	175	
4269	175	
4270	175	
4271	175	
4272	175	
4273	174	
4274	174	
4275	175	
4276	174	
4277	173	
4278	173	
4279	172	
4280	172	
4281	171	
4282	170	
4283	170	
4284	171	
4285	171	
4286	171	
4287	171	
4288	170	
4289	169	
4290	169	
4291	168	
4292	169	
4293	168	
4294	168	
4295	167	
4296	167	
4297	167	
4298	168	
4299	167	
4300	167	
4301	167	
4302	168	
4303	168	
4304	169	
4305	168	
4306	168	
4307	167	
4308	168	
4309	167	
4310	167	
4311	168	
4312	168	
4313	167	
4314	168	
4315	168	
4316	168	
4317	168	
4318	168	
4319	167	
4320	167	
4321	167	
4322	168	
4323	167	
4324	168	
4325	167	
4326	166	
4327	166	
4328	166	
4329	166	
4330	166	
4331	166	
4332	166	
4333	165	
4334	166	
4335	166	
4336	167	
4337	167	
4338	168	
4339	168	
4340	169	
4341	168	
4342	168	
4343	168	
4344	167	
4345	167	
4346	167	
4347	167	
4348	167	
4349	166	
4350	166	
4351	166	
4352	166	
4353	166	
4354	166	
4355	166	
4356	166	
4357	166	
4358	167	
4359	166	
4360	165	
4361	165	
4362	165	
4363	165	
4364	166	
4365	166	
4366	166	
4367	166	
4368	166	
4369	166	
4370	166	
4371	166	
4372	167	
4373	167	
4374	167	
4375	166	
4376	166	
4377	166	
4378	167	
4379	167	
4380	166	
4381	165	
4382	165	
4383	165	
4384	165	
4385	165	
4386	165	
4387	165	
4388	165	
4389	164	
4390	164	
4391	164	
4392	163	
4393	163	
4394	164	
4395	163	
4396	163	
4397	162	
4398	162	
4399	163	
4400	163	
4401	162	
4402	161	
4403	161	
4404	162	
4405	162	
4406	162	
4407	163	
4408	164	
4409	163	
4410	162	
4411	162	
4412	162	
4413	162	
4414	161	
4415	161	
4416	162	
4417	163	
4418	162	
4419	161	
4420	161	
4421	160	
4422	161	
4423	161	
4424	161	
4425	160	
4426	159	
4427	159	
4428	159	
4429	159	
4430	159	
4431	159	
4432	159	
4433	158	
4434	159	
4435	159	
4436	160	
4437	159	
4438	159	
4439	158	
4440	159	
4441	160	
4442	160	
4443	160	
4444	159	
4445	159	
4446	158	
4447	158	
4448	158	
4449	157	
4450	158	
4451	157	
4452	156	
4453	156	
4454	156	
4455	156	
4456	156	
4457	156	
4458	157	
4459	157	
4460	156	
4461	157	
4462	157	
4463	156	
4464	156	
4465	156	
4466	157	
4467	156	
4468	156	
4469	156	
4470	157	
4471	157	
4472	157	
4473	157	
4474	157	
4475	156	
4476	157	
4477	157	
4478	157	
4479	157	
4480	157	
4481	157	
4482	157	
4483	157	
4484	158	
4485	158	
4486	159	
4487	158	
4488	158	
4489	158	
4490	159	
4491	159	
4492	158	
4493	158	
4494	159	
4495	158	
4496	158	
4497	157	
4498	158	
4499	157	
4500	157	
4501	156	
4502	156	
4503	156	
4504	156	
4505	156	
4506	157	
4507	157	
4508	157	
4509	156	
4510	157	
4511	156	
4512	156	
4513	157	
4514	157	
4515	157	
4516	158	
4517	157	
4518	157	
4519	157	
4520	157	
4521	157	
4522	156	
4523	156	
4524	157	
4525	157	
4526	157	
4527	157	
4528	156	
4529	156	
4530	156	
4531	155	
4532	156	
4533	155	
4534	155	
4535	154	
4536	154	
4537	154	
4538	154	
4539	154	
4540	155	
4541	154	
4542	153	
4543	153	
4544	154	
4545	153	
4546	154	
4547	153	
4548	153	
4549	153	
4550	153	
4551	153	
4552	153	
4553	152	
4554	152	
4555	152	
4556	152	
4557	152	
4558	152	
4559	152	
4560	153	
4561	152	
4562	152	
4563	152	
4564	152	
4565	153	
4566	152	
4567	152	
4568	152	
4569	151	
4570	152	
4571	151	
4572	152	
4573	152	
4574	152	
4575	152	
4576	152	
4577	152	
4578	152	
4579	152	
4580	153	
4581	152	
4582	151	
4583	151	
4584	152	
4585	151	
4586	151	
4587	151	
4588	152	
4589	153	
4590	153	
4591	152	
4592	152	
4593	152	
4594	153	
4595	152	
4596	153	
4597	152	
4598	152	
4599	153	
4600	152	
4601	152	
4602	151	
4603	151	
4604	150	
4605	149	
4606	149	
4607	149	
4608	149	
4609	148	
4610	148	
4611	148	
4612	148	
4613	148	
4614	148	
4615	148	
4616	148	
4617	148	
4618	148	
4619	148	
4620	148	
4621	147	
4622	148	
4623	147	
4624	148	
4625	148	
4626	148	
4627	147	
4628	147	
4629	147	
4630	148	
4631	148	
4632	148	
4633	147	
4634	147	
4635	147	
4636	148	
4637	148	
4638	148	
4639	148	
4640	148	
4641	149	
4642	150	
4643	151	
4644	150	
4645	149	
4646	149	
4647	148	
4648	148	
4649	148	
4650	148	
4651	148	
4652	149	
4653	149	
4654	149	
4655	149	
4656	150	
4657	149	
4658	150	
4659	149	
4660	150	
4661	151	
4662	150	
4663	150	
4664	150	
4665	149	
4666	149	
4667	149	
4668	149	
4669	149	
4670	149	
4671	149	
4672	149	
4673	149	
4674	150	
4675	151	
4676	152	
4677	152	
4678	152	
4679	151	
4680	150	
4681	150	
4682	150	
4683	149	
4684	150	
4685	149	
4686	150	
4687	150	
4688	150	
4689	150	
4690	150	
4691	150	
4692	150	
4693	150	
4694	151	
4695	151	
4696	152	
4697	152	
4698	153	
4699	153	
4700	153	
4701	153	
4702	153	
4703	152	
4704	153	
4705	152	
4706	152	
4707	151	
4708	152	
4709	152	
4710	152	
4711	152	
4712	152	
4713	152	
4714	152	
4715	152	
4716	152	
4717	152	
4718	153	
4719	152	
4720	152	
4721	152	
4722	152	
4723	151	
4724	152	
4725	151	
4726	151	
4727	152	
4728	151	
4729	151	
4730	152	
4731	153	
4732	153	
4733	152	
4734	153	
4735	153	
4736	153	
4737	152	
4738	153	
4739	153	
4740	154	
4741	154	
4742	153	
4743	154	
4744	153	
4745	152	
4746	153	
4747	153	
4748	154	
4749	153	
4750	152	
4751	151	
4752	152	
4753	152	
4754	152	
4755	151	
4756	151	
4757	151	
4758	152	
4759	152	
4760	152	
4761	152	
4762	153	
4763	153	
4764	153	
4765	154	
4766	154	
4767	155	
4768	154	
4769	153	
4770	154	
4771	155	
4772	155	
4773	156	
4774	155	
4775	155	
4776	154	
4777	154	
4778	154	
4779	154	
4780	154	
4781	154	
4782	155	
4783	155	
4784	156	
4785	155	
4786	156	
4787	157	
4788	158	
4789	158	
4790	159	
4791	159	
4792	160	
4793	159	
4794	159	
4795	159	
4796	158	
4797	158	
4798	158	
4799	158	
4800	159	
4801	159	
4802	158	
4803	157	
4804	156	
4805	155	
4806	156	
4807	156	
4808	156	
4809	156	
4810	157	
4811	156	
4812	156	
4813	156	
4814	156	
4815	156	
4816	156	
4817	156	
4818	157	
4819	156	
4820	157	
4821	157	
4822	158	
4823	157	
4824	158	
4825	157	
4826	157	
4827	157	
4828	157	
4829	157	
4830	158	
4831	158	
4832	157	
4833	156	
4834	156	
4835	157	
4836	157	
4837	157	
4838	158	
4839	158	
4840	159	
4841	158	
4842	159	
4843	159	
4844	159	
4845	159	
4846	158	
4847	157	
4848	157	
4849	157	
4850	157	
4851	157	
4852	157	
4853	157	
4854	158	
4855	158	
4856	158	
4857	158	
4858	159	
4859	158	
4860	159	
4861	160	
4862	160	
4863	160	
4864	160	
4865	161	
4866	161	
4867	161	
4868	161	
4869	162	
4870	163	
4871	163	
4872	163	
4873	162	
4874	163	
4875	162	
4876	163	
4877	163	
4878	162	
4879	162	
4880	163	
4881	163	
4882	164	
4883	163	
4884	163	
4885	163	
4886	163	
4887	163	
4888	162	
4889	161	
4890	161	
4891	160	
4892	161	
4893	161	
4894	162	
4895	161	
4896	161	
4897	161	
4898	161	
4899	161	
4900	161	
4901	161	
4902	162	
4903	162	
4904	163	
4905	164	
4906	163	
4907	163	
4908	164	
4909	165	
4910	165	
4911	165	
4912	165	
4913	166	
4914	165	
4915	164	
4916	165	
4917	165	
4918	165	
4919	165	
4920	165	
4921	165	
4922	165	
4923	165	
4924	164	
4925	164	
4926	163	
4927	164	
4928	163	
4929	163	
4930	164	
4931	163	
4932	164	
4933	164	
4934	164	
4935	164	
4936	164	
4937	164	
4938	165	
4939	165	
4940	166	
4941	167	
4942	167	
4943	166	
4944	166	
4945	165	
4946	166	
4947	165	
4948	165	
4949	166	
4950	166	
4951	166	
4952	166	
4953	167	
4954	166	
4955	165	
4956	164	
4957	164	
4958	165	
4959	165	
4960	166	
4961	166	
4962	165	
4963	165	
4964	164	
4965	163	
4966	163	
4967	164	
4968	164	
4969	163	
4970	163	
4971	163	
4972	164	
4973	164	
4974	164	
4975	164	
4976	164	
4977	163	
4978	164	
4979	164	
4980	165	
4981	164	
4982	164	
4983	164	
4984	164	
4985	164	
4986	165	
4987	164	
4988	164	
4989	164	
4990	165	
4991	165	
4992	165	
4993	165	
4994	165	
4995	165	
4996	164	
4997	164	
4998	165	
4999	166	
5000	165	
