1	0.000000	1
2	0.000000	1
3	0.000000	1
4	0.000000	1
5	0.000000	2
6	0.000000	1
7	0.000000	1
8	0.000000	1
9	0.000000	1
10	0.000000	2
11	0.000000	2
12	24.000000	2
13	24.000000	2
14	16.000000	3
15	16.000000	3
16	24.000000	3
17	24.000000	3
18	24.000000	3
19	24.000000	3
20	24.000000	3
21	16.000000	3
22	16.000000	3
23	21.333334	3
24	21.333334	3
25	16.000000	4
26	38.000000	4
27	38.000000	4
28	34.000000	4
29	70.000000	4
30	70.000000	4
31	70.000000	4
32	70.000000	4
33	70.000000	4
34	56.000000	5
35	68.800003	5
36	68.800003	5
37	68.800003	5
38	68.800003	5
39	68.800003	5
40	68.800003	5
41	57.333332	6
42	57.333332	6
43	66.666664	6
44	66.666664	6
45	66.666664	6
46	66.666664	6
47	66.666664	6
48	66.666664	6
49	57.142857	7
50	65.142860	7
51	57.000000	8
52	67.000000	8
53	67.000000	8
54	67.000000	8
55	67.000000	8
56	67.000000	8
57	67.000000	8
58	67.000000	8
59	67.000000	8
60	67.000000	8
61	67.000000	8
62	67.000000	8
63	67.000000	8
64	60.000000	8
65	68.571426	7
66	68.571426	7
67	68.571426	7
68	68.571426	7
69	68.571426	7
70	68.571426	7
71	60.000000	8
72	53.333332	9
73	64.000000	9
74	64.000000	9
75	64.000000	9
76	64.000000	9
77	57.599998	10
78	57.599998	10
79	60.000000	10
80	60.000000	10
81	60.000000	10
82	60.000000	10
83	60.000000	10
84	54.545456	11
85	50.000000	12
86	51.333332	12
87	51.333332	12
88	51.333332	12
89	43.636364	11
90	40.000000	12
91	36.923077	13
92	36.923077	13
93	36.923077	13
94	36.923077	13
95	34.285713	14
96	36.923077	13
97	36.923077	13
98	43.692307	13
99	34.000000	12
100	34.000000	12
101	34.000000	12
102	30.666666	12
103	28.307692	13
104	30.666666	12
105	30.666666	12
106	28.307692	13
107	28.307692	13
108	28.307692	13
109	40.615383	13
110	40.615383	13
111	40.615383	13
112	37.714287	14
113	37.714287	14
114	40.571430	14
115	40.571430	14
116	40.571430	14
117	38.857143	14
118	36.266666	15
119	36.266666	15
120	48.000000	15
121	47.466667	15
122	47.466667	15
123	50.857143	14
124	50.857143	14
125	47.466667	15
126	47.466667	15
127	47.466667	15
128	47.466667	15
129	50.133335	15
130	50.133335	15
131	50.133335	15
132	50.133335	15
133	50.133335	15
134	50.133335	15
135	50.133335	15
136	50.133335	15
137	50.133335	15
138	50.133335	15
139	50.133335	15
140	50.133335	15
141	49.066666	15
142	49.066666	15
143	46.000000	16
144	55.000000	16
145	55.000000	16
146	55.000000	16
147	52.500000	16
148	52.500000	16
149	56.000000	15
150	56.000000	15
151	56.000000	15
152	56.000000	15
153	56.000000	15
154	56.000000	15
155	52.500000	16
156	56.000000	15
157	56.000000	15
158	52.500000	16
159	48.000000	16
160	51.200001	15
161	58.133335	15
162	58.133335	15
163	58.133335	15
164	58.133335	15
165	58.133335	15
166	58.133335	15
167	58.133335	15
168	58.133335	15
169	54.500000	16
170	50.000000	16
171	50.000000	16
172	48.500000	16
173	48.500000	16
174	51.733334	15
175	54.933334	15
176	53.866665	15
177	53.866665	15
178	57.066666	15
179	57.066666	15
180	57.066666	15
181	51.733334	15
182	51.733334	15
183	57.599998	15
184	54.000000	16
185	54.000000	16
186	58.500000	16
187	58.500000	16
188	58.500000	16
189	58.500000	16
190	58.500000	16
191	58.500000	16
192	55.058823	17
193	55.529411	17
194	52.444443	18
195	55.529411	17
196	55.529411	17
197	55.529411	17
198	52.444443	18
199	54.222221	18
200	54.222221	18
201	54.222221	18
202	54.222221	18
203	54.222221	18
204	54.222221	18
205	48.000000	18
206	50.823528	17
207	48.000000	18
208	48.470589	17
209	48.470589	17
210	48.470589	17
211	45.777779	18
212	48.470589	17
213	51.500000	16
214	51.200001	15
215	51.200001	15
216	51.200001	15
217	59.733334	15
218	59.733334	15
219	59.733334	15
220	59.733334	15
221	59.733334	15
222	56.000000	16
223	63.500000	16
224	63.500000	16
225	63.500000	16
226	63.500000	16
227	63.500000	16
228	63.500000	16
229	63.500000	16
230	59.764706	17
231	59.764706	17
232	56.444443	18
233	53.473682	19
234	66.947365	19
235	66.947365	19
236	63.599998	20
237	68.800003	20
238	65.523811	21
239	62.545456	22
240	65.523811	21
241	67.047623	21
242	67.047623	21
243	61.333332	21
244	61.333332	21
245	61.333332	21
246	64.000000	21
247	64.000000	21
248	61.090908	22
249	64.727272	22
250	61.913044	23
251	65.043480	23
252	65.043480	23
253	65.043480	23
254	65.043480	23
255	62.333332	24
256	65.043480	23
257	65.043480	23
258	65.043480	23
259	65.043480	23
260	65.043480	23
261	63.652172	23
262	63.652172	23
263	61.000000	24
264	58.560001	25
265	56.307693	26
266	58.560001	25
267	58.560001	25
268	58.560001	25
269	58.560001	25
270	58.560001	25
271	69.120003	25
272	69.120003	25
273	69.120003	25
274	69.120003	25
275	69.120003	25
276	66.461540	26
277	69.120003	25
278	69.120003	25
279	69.120003	25
280	69.120003	25
281	69.120003	25
282	69.120003	25
283	69.120003	25
284	69.120003	25
285	66.461540	26
286	69.120003	25
287	68.160004	25
288	68.160004	25
289	69.440002	25
290	69.440002	25
291	66.769234	26
292	68.000000	26
293	68.000000	26
294	68.000000	26
295	65.481483	27
296	63.142857	28
297	63.142857	28
298	65.481483	27
299	66.074074	27
300	64.592590	27
301	62.285713	28
302	62.285713	28
303	58.571430	28
304	56.551723	29
305	56.551723	29
306	58.571430	28
307	58.571430	28
308	58.571430	28
309	64.285713	28
310	64.285713	28
311	62.068966	29
312	64.285713	28
313	64.285713	28
314	64.285713	28
315	64.285713	28
316	62.068966	29
317	65.655174	29
318	65.655174	29
319	65.655174	29
320	63.466667	30
321	62.933334	30
322	60.533333	30
323	60.533333	30
324	62.620689	29
325	62.620689	29
326	62.620689	29
327	60.965519	29
328	58.933334	30
329	60.965519	29
330	63.172413	29
331	61.066666	30
332	64.800003	30
333	62.709679	31
334	64.800003	30
335	62.709679	31
336	64.516129	31
337	64.516129	31
338	64.516129	31
339	64.516129	31
340	64.516129	31
341	63.741936	31
342	61.750000	32
343	61.750000	32
344	63.741936	31
345	61.750000	32
346	58.750000	32
347	56.969696	33
348	55.294117	34
349	54.588234	34
350	54.588234	34
351	53.028572	35
352	51.555557	36
353	67.777779	36
354	67.777779	36
355	67.777779	36
356	67.777779	36
357	63.777779	36
358	63.777779	36
359	62.054054	37
360	62.054054	37
361	59.891891	37
362	59.891891	37
363	58.315788	38
364	56.820515	39
365	56.820515	39
366	58.315788	38
367	59.891891	37
368	59.891891	37
369	58.315788	38
370	59.891891	37
371	62.918919	37
372	62.918919	37
373	62.918919	37
374	62.918919	37
375	62.918919	37
376	62.918919	37
377	62.918919	37
378	62.918919	37
379	62.918919	37
380	62.918919	37
381	62.918919	37
382	62.918919	37
383	62.918919	37
384	60.972973	37
385	60.972973	37
386	62.666668	36
387	62.666668	36
388	62.666668	36
389	62.666668	36
390	60.972973	37
391	59.368420	38
392	59.368420	38
393	61.473682	38
394	60.421051	38
395	60.421051	38
396	58.871796	39
397	58.871796	39
398	60.717949	39
399	58.051281	39
400	58.051281	39
401	56.410255	39
402	56.410255	39
403	52.421051	38
404	50.947369	38
405	50.526318	38
406	49.230770	39
407	50.526318	38
408	49.513512	37
409	48.210526	38
410	46.736843	38
411	46.736843	38
412	46.736843	38
413	46.736843	38
414	46.736843	38
415	45.894737	38
416	47.135136	37
417	47.135136	37
418	47.135136	37
419	45.894737	38
420	44.717949	39
421	44.717949	39
422	44.717949	39
423	44.717949	39
424	45.894737	38
425	60.421051	38
426	60.421051	38
427	60.421051	38
428	60.421051	38
429	60.421051	38
430	58.871796	39
431	59.282051	39
432	59.282051	39
433	59.282051	39
434	59.282051	39
435	59.282051	39
436	59.282051	39
437	58.871796	39
438	58.871796	39
439	59.487179	39
440	59.487179	39
441	58.000000	40
442	58.799999	40
443	58.799999	40
444	56.000000	40
445	56.000000	40
446	57.435898	39
447	57.435898	39
448	57.435898	39
449	57.435898	39
450	57.435898	39
451	57.435898	39
452	56.000000	40
453	57.435898	39
454	57.435898	39
455	57.435898	39
456	57.435898	39
457	57.435898	39
458	57.435898	39
459	56.000000	40
460	57.435898	39
461	57.435898	39
462	57.435898	39
463	57.435898	39
464	56.000000	40
465	56.000000	40
466	54.634148	41
467	57.560974	41
468	57.560974	41
469	57.560974	41
470	57.560974	41
471	57.560974	41
472	56.390244	41
473	55.047619	42
474	55.047619	42
475	52.952381	42
476	52.952381	42
477	54.243904	41
478	54.243904	41
479	52.952381	42
480	52.952381	42
481	58.476189	42
482	58.476189	42
483	58.476189	42
484	58.476189	42
485	58.476189	42
486	58.476189	42
487	57.116280	43
488	55.818180	44
489	54.577778	45
490	55.818180	44
491	54.577778	45
492	54.577778	45
493	55.818180	44
494	54.577778	45
495	59.555557	45
496	59.555557	45
497	57.955555	45
498	63.288887	45
499	61.913044	46
500	61.913044	46
501	62.434784	46
502	61.106384	47
503	62.434784	46
504	62.434784	46
505	62.434784	46
506	62.434784	46
507	61.106384	47
508	62.434784	46
509	62.434784	46
510	61.106384	47
511	61.106384	47
512	59.574467	47
513	62.297871	47
514	62.297871	47
515	61.000000	48
516	61.000000	48
517	62.166668	48
518	61.833332	48
519	62.833332	48
520	62.833332	48
521	62.833332	48
522	62.833332	48
523	62.833332	48
524	62.833332	48
525	62.333332	48
526	62.333332	48
527	63.666668	48
528	62.333332	48
529	62.333332	48
530	62.333332	48
531	62.666668	48
532	62.666668	48
533	61.166668	48
534	62.468086	47
535	62.468086	47
536	60.595745	47
537	60.595745	47
538	61.913044	46
539	59.478260	46
540	56.521740	46
541	56.521740	46
542	56.521740	46
543	57.777779	45
544	57.777779	45
545	58.844444	45
546	57.565216	46
547	57.565216	46
548	57.913044	46
549	57.913044	46
550	56.680851	47
551	57.913044	46
552	58.133335	45
553	58.133335	45
554	59.733334	45
555	59.733334	45
556	57.244446	45
557	57.244446	45
558	56.000000	46
559	50.782608	46
560	50.782608	46
561	50.782608	46
562	49.702129	47
563	49.702129	47
564	48.666668	48
565	47.673470	49
566	47.673470	49
567	48.666668	48
568	49.702129	47
569	49.702129	47
570	50.782608	46
571	54.260868	46
572	54.260868	46
573	53.106384	47
574	54.808510	47
575	53.666668	48
576	56.000000	48
577	54.857143	49
578	56.163265	49
579	56.163265	49
580	55.040001	50
581	53.960785	51
582	53.960785	51
583	52.392159	51
584	53.439999	50
585	53.439999	50
586	51.840000	50
587	51.840000	50
588	52.897961	49
589	54.000000	48
590	54.833332	48
591	53.714287	49
592	52.639999	50
593	55.840000	50
594	54.745098	51
595	52.705883	51
596	51.692307	52
597	51.692307	52
598	51.692307	52
599	50.716980	53
600	50.716980	53
601	55.849056	53
602	55.849056	53
603	55.849056	53
604	55.849056	53
605	55.849056	53
606	55.849056	53
607	55.849056	53
608	55.849056	53
609	55.849056	53
610	55.849056	53
611	55.849056	53
612	55.849056	53
613	55.849056	53
614	55.849056	53
615	55.849056	53
616	55.849056	53
617	54.814816	54
618	55.259258	54
619	55.259258	54
620	55.259258	54
621	54.254547	55
622	54.254547	55
623	54.690910	55
624	54.690910	55
625	54.690910	55
626	53.714287	56
627	54.428570	56
628	54.428570	56
629	54.428570	56
630	54.428570	56
631	54.428570	56
632	54.428570	56
633	53.473682	57
634	54.428570	56
635	54.428570	56
636	54.428570	56
637	54.428570	56
638	53.236362	55
639	52.285713	56
640	51.714287	56
641	52.654545	55
642	52.654545	55
643	52.654545	55
644	53.629631	54
645	52.654545	55
646	53.629631	54
647	54.962963	54
648	54.962963	54
649	54.962963	54
650	53.777779	54
651	52.799999	55
652	52.799999	55
653	53.037037	54
654	53.037037	54
655	53.037037	54
656	53.037037	54
657	55.703705	54
658	54.690910	55
659	54.690910	55
660	53.714287	56
661	52.771931	57
662	53.714287	56
663	53.714287	56
664	52.771931	57
665	55.298244	57
666	55.298244	57
667	54.035088	57
668	55.000000	56
669	55.000000	56
670	54.571430	56
671	54.142857	56
672	53.192982	57
673	53.192982	57
674	57.824562	57
675	57.824562	57
676	57.824562	57
677	57.824562	57
678	57.824562	57
679	57.824562	57
680	56.827587	58
681	56.827587	58
682	57.793102	58
683	57.793102	58
684	56.813560	59
685	57.220341	59
686	56.266666	60
687	58.266666	60
688	58.266666	60
689	57.311474	61
690	57.311474	61
691	57.704918	61
692	57.704918	61
693	57.704918	61
694	57.704918	61
695	57.704918	61
696	57.704918	61
697	57.704918	61
698	57.704918	61
699	57.704918	61
700	57.704918	61
701	56.774193	62
702	55.873016	63
703	55.873016	63
704	56.774193	62
705	56.903225	62
706	56.000000	63
707	56.507938	63
708	56.507938	63
709	56.507938	63
710	55.238094	63
711	55.238094	63
712	54.349205	63
713	54.349205	63
714	53.500000	64
715	54.349205	63
716	56.380951	63
717	56.380951	63
718	55.500000	64
719	57.250000	64
720	57.250000	64
721	57.250000	64
722	57.250000	64
723	57.250000	64
724	57.250000	64
725	57.250000	64
726	57.250000	64
727	57.250000	64
728	57.250000	64
729	57.250000	64
730	57.250000	64
731	56.250000	64
732	56.250000	64
733	57.125000	64
734	57.125000	64
735	56.246155	65
736	56.861538	65
737	56.861538	65
738	56.000000	66
739	56.727272	66
740	55.393940	66
741	55.393940	66
742	57.575756	66
743	56.716419	67
744	56.716419	67
745	57.575756	66
746	57.575756	66
747	57.575756	66
748	57.575756	66
749	57.575756	66
750	56.716419	67
751	54.567165	67
752	53.492538	67
753	53.492538	67
754	54.303032	66
755	54.303032	66
756	53.492538	67
757	53.492538	67
758	54.567165	67
759	54.567165	67
760	54.567165	67
761	53.850746	67
762	53.850746	67
763	53.492538	67
764	52.705883	68
765	53.492538	67
766	54.925373	67
767	52.969696	66
768	52.179104	67
769	52.969696	66
770	52.969696	66
771	52.606060	66
772	52.430771	65
773	52.430771	65
774	52.430771	65
775	51.938461	65
776	51.151516	66
777	50.666668	66
778	50.666668	66
779	51.446156	65
780	51.446156	65
781	60.676922	65
782	60.676922	65
783	60.676922	65
784	60.676922	65
785	60.676922	65
786	60.676922	65
787	59.757576	66
788	59.030304	66
789	58.149254	67
790	60.895523	67
791	60.895523	67
792	60.895523	67
793	60.895523	67
794	60.000000	68
795	60.000000	68
796	61.411766	68
797	61.411766	68
798	61.411766	68
799	61.411766	68
800	61.411766	68
801	61.411766	68
802	61.411766	68
803	60.705883	68
804	60.705883	68
805	61.611938	67
806	60.705883	68
807	59.826088	69
808	58.971428	70
809	58.971428	70
810	58.971428	70
811	58.140846	71
812	58.140846	71
813	58.140846	71
814	57.333332	72
815	60.444443	72
816	59.616440	73
817	60.273972	73
818	60.273972	73
819	60.273972	73
820	60.273972	73
821	60.273972	73
822	59.459461	74
823	61.297298	74
824	61.297298	74
825	61.297298	74
826	60.972973	74
827	62.270271	74
828	62.270271	74
829	62.270271	74
830	62.270271	74
831	61.439999	75
832	60.631580	76
833	60.315788	76
834	60.315788	76
835	60.315788	76
836	59.532467	77
837	58.769230	78
838	63.487179	78
839	62.461540	78
840	62.461540	78
841	62.461540	78
842	63.076923	78
843	63.076923	78
844	63.076923	78
845	63.076923	78
846	63.076923	78
847	63.076923	78
848	62.278481	79
849	63.088608	79
850	62.299999	80
851	61.530865	81
852	62.299999	80
853	62.700001	80
854	62.700001	80
855	62.700001	80
856	61.925926	81
857	62.700001	80
858	62.700001	80
859	61.700001	80
860	61.700001	80
861	62.700001	80
862	62.700001	80
863	62.700001	80
864	62.700001	80
865	62.700001	80
866	62.700001	80
867	62.700001	80
868	62.700001	80
869	62.700001	80
870	62.700001	80
871	62.700001	80
872	62.700001	80
873	61.925926	81
874	61.170731	82
875	64.292686	82
876	64.292686	82
877	63.804878	82
878	63.804878	82
879	63.036144	83
880	65.349396	83
881	65.349396	83
882	65.349396	83
883	64.571426	84
884	64.571426	84
885	64.666664	84
886	64.666664	84
887	64.666664	84
888	64.666664	84
889	64.666664	84
890	64.666664	84
891	64.666664	84
892	63.905884	85
893	63.905884	85
894	63.905884	85
895	64.282356	85
896	64.282356	85
897	64.282356	85
898	64.282356	85
899	63.534885	86
900	64.558136	86
901	64.558136	86
902	64.558136	86
903	63.816093	87
904	63.090908	88
905	62.382023	89
906	62.382023	89
907	61.688889	90
908	62.382023	89
909	63.090908	88
910	62.545456	88
911	65.545456	88
912	65.545456	88
913	64.808990	89
914	64.179779	89
915	63.466667	90
916	64.179779	89
917	64.909088	88
918	65.655174	87
919	65.655174	87
920	65.655174	87
921	65.655174	87
922	65.655174	87
923	64.909088	88
924	64.909088	88
925	64.179779	89
926	63.730335	89
927	63.730335	89
928	63.022221	90
929	66.311111	90
930	66.311111	90
931	66.311111	90
932	66.311111	90
933	66.311111	90
934	66.311111	90
935	66.311111	90
936	65.777779	90
937	65.777779	90
938	66.133331	90
939	66.133331	90
940	66.133331	90
941	65.406593	91
942	65.406593	91
943	65.406593	91
944	65.846153	91
945	65.846153	91
946	65.130432	92
947	65.130432	92
948	65.565216	92
949	65.565216	92
950	65.217392	92
951	65.217392	92
952	65.217392	92
953	64.260872	92
954	64.260872	92
955	64.967033	91
956	64.260872	92
957	65.826088	92
958	65.826088	92
959	65.118279	93
960	65.118279	93
961	65.892471	93
962	65.191490	94
963	65.191490	94
964	64.851067	94
965	65.548386	93
966	64.946236	93
967	64.946236	93
968	64.946236	93
969	64.255318	94
970	64.255318	94
971	63.319149	94
972	63.319149	94
973	62.652630	95
974	62.652630	95
975	62.000000	96
976	62.000000	96
977	61.250000	96
978	60.547367	95
979	59.789474	95
980	59.789474	95
981	59.789474	95
982	59.789474	95
983	60.425533	94
984	60.425533	94
985	59.489361	94
986	59.489361	94
987	59.489361	94
988	60.129032	93
989	64.086021	93
990	63.483871	93
991	62.808510	94
992	61.075268	93
993	61.075268	93
994	61.075268	93
995	61.739132	92
996	62.417583	91
997	61.714287	91
998	61.714287	91
999	61.043480	92
1000	61.714287	91
1001	63.208790	91
1002	63.208790	91
1003	63.208790	91
1004	63.208790	91
1005	63.032967	91
1006	63.032967	91
1007	63.032967	91
1008	63.733334	90
1009	63.733334	90
1010	63.032967	91
1011	63.032967	91
1012	63.384617	91
1013	63.384617	91
1014	63.384617	91
1015	63.384617	91
1016	63.384617	91
1017	63.384617	91
1018	63.384617	91
1019	63.384617	91
1020	62.695652	92
1021	62.021507	93
1022	61.391304	92
1023	61.391304	92
1024	62.065933	91
1025	62.065933	91
1026	62.065933	91
1027	62.755554	90
1028	63.460674	89
1029	62.755554	90
1030	62.755554	90
1031	62.755554	90
1032	63.111111	90
1033	62.417583	91
1034	63.111111	90
1035	63.111111	90
1036	62.417583	91
1037	62.417583	91
1038	62.417583	91
1039	63.111111	90
1040	63.111111	90
1041	63.111111	90
1042	63.111111	90
1043	62.292133	89
1044	61.599998	90
1045	61.599998	90
1046	61.599998	90
1047	61.599998	90
1048	62.292133	89
1049	60.272728	88
1050	60.272728	88
1051	60.272728	88
1052	60.272728	88
1053	59.595505	89
1054	60.764046	89
1055	60.764046	89
1056	60.088890	90
1057	60.088890	90
1058	60.977779	90
1059	60.977779	90
1060	60.977779	90
1061	60.977779	90
1062	60.977779	90
1063	60.307693	91
1064	60.977779	90
1065	59.955055	89
1066	59.955055	89
1067	59.955055	89
1068	60.764046	89
1069	60.044945	89
1070	59.377777	90
1071	59.377777	90
1072	60.266666	90
1073	60.266666	90
1074	60.266666	90
1075	59.733334	90
1076	59.733334	90
1077	59.733334	90
1078	60.404495	89
1079	60.404495	89
1080	60.404495	89
1081	60.404495	89
1082	60.404495	89
1083	60.404495	89
1084	60.404495	89
1085	60.404495	89
1086	60.404495	89
1087	59.733334	90
1088	60.404495	89
1089	60.404495	89
1090	59.733334	90
1091	60.404495	89
1092	59.733334	90
1093	59.733334	90
1094	60.799999	90
1095	60.799999	90
1096	60.622223	90
1097	60.622223	90
1098	60.977779	90
1099	60.977779	90
1100	60.977779	90
1101	60.977779	90
1102	60.977779	90
1103	60.307693	91
1104	59.604397	91
1105	61.538460	91
1106	60.835163	91
1107	60.835163	91
1108	60.173912	92
1109	60.173912	92
1110	61.391304	92
1111	60.731182	93
1112	60.085106	94
1113	61.617020	94
1114	61.419353	93
1115	61.419353	93
1116	62.451614	93
1117	62.451614	93
1118	62.451614	93
1119	62.451614	93
1120	62.451614	93
1121	62.451614	93
1122	62.451614	93
1123	62.451614	93
1124	62.451614	93
1125	62.451614	93
1126	62.451614	93
1127	62.451614	93
1128	62.451614	93
1129	61.787235	94
1130	61.021278	94
1131	61.677418	93
1132	61.763439	93
1133	61.763439	93
1134	61.106384	94
1135	61.106384	94
1136	61.276596	94
1137	61.276596	94
1138	60.631580	95
1139	60.631580	95
1140	60.631580	95
1141	60.968422	95
1142	60.333332	96
1143	60.968422	95
1144	59.873684	95
1145	59.250000	96
1146	59.250000	96
1147	59.873684	95
1148	59.873684	95
1149	59.873684	95
1150	59.250000	96
1151	59.250000	96
1152	61.166668	96
1153	61.166668	96
1154	61.166668	96
1155	61.166668	96
1156	61.166668	96
1157	61.166668	96
1158	60.536083	97
1159	60.701031	97
1160	60.701031	97
1161	60.701031	97
1162	60.701031	97
1163	60.701031	97
1164	60.701031	97
1165	60.701031	97
1166	60.081635	98
1167	59.474747	99
1168	58.828281	99
1169	58.828281	99
1170	61.090908	99
1171	61.090908	99
1172	60.929295	99
1173	59.717171	99
1174	59.717171	99
1175	59.717171	99
1176	59.555557	99
1177	58.040817	98
1178	57.454544	99
1179	57.454544	99
1180	57.454544	99
1181	62.787880	99
1182	62.787880	99
1183	62.141415	99
1184	62.141415	99
1185	63.111111	99
1186	63.111111	99
1187	63.111111	99
1188	63.111111	99
1189	63.111111	99
1190	62.480000	100
1191	61.861385	101
1192	61.254902	102
1193	61.019608	102
1194	61.019608	102
1195	61.623764	101
1196	61.019608	102
1197	61.019608	102
1198	62.196079	102
1199	62.196079	102
1200	61.882355	102
1201	62.495049	101
1202	61.882355	102
1203	62.039215	102
1204	62.039215	102
1205	61.436893	103
1206	61.436893	103
1207	61.203884	103
1208	60.970875	103
1209	60.970875	103
1210	60.970875	103
1211	60.970875	103
1212	61.568626	102
1213	60.277229	101
1214	60.277229	101
1215	60.277229	101
1216	59.686275	102
1217	60.277229	101
1218	60.277229	101
1219	59.686275	102
1220	60.277229	101
1221	63.524754	101
1222	63.524754	101
1223	63.207920	101
1224	64.237625	101
1225	64.237625	101
1226	64.237625	101
1227	63.520000	100
1228	63.520000	100
1229	63.520000	100
1230	61.919998	100
1231	61.919998	100
1232	61.360001	100
1233	61.979797	99
1234	61.979797	99
1235	61.979797	99
1236	62.612244	98
1237	63.183674	98
1238	63.183674	98
1239	62.938774	98
1240	62.938774	98
1241	62.303032	99
1242	61.142857	98
1243	61.142857	98
1244	61.142857	98
1245	61.773197	97
1246	61.142857	98
1247	59.958763	97
1248	59.958763	97
1249	59.346939	98
1250	59.958763	97
1251	59.958763	97
1252	59.958763	97
1253	60.583332	96
1254	60.583332	96
1255	61.221054	95
1256	60.583332	96
1257	62.000000	96
1258	62.000000	96
1259	62.000000	96
1260	61.360825	97
1261	60.734695	98
1262	60.734695	98
1263	60.408165	98
1264	60.408165	98
1265	62.040817	98
1266	62.040817	98
1267	62.040817	98
1268	62.040817	98
1269	61.414143	99
1270	61.575756	99
1271	61.575756	99
1272	61.575756	99
1273	61.575756	99
1274	61.575756	99
1275	61.575756	99
1276	61.575756	99
1277	61.575756	99
1278	61.575756	99
1279	62.204082	98
1280	61.469387	98
1281	60.848484	99
1282	60.848484	99
1283	60.686871	99
1284	60.080002	100
1285	60.080002	100
1286	58.160000	100
1287	58.747475	99
1288	58.285713	98
1289	58.285713	98
1290	58.886597	97
1291	58.886597	97
1292	59.500000	96
1293	58.886597	97
1294	57.916668	96
1295	58.526318	95
1296	57.617020	94
1297	58.236561	93
1298	58.000000	92
1299	58.000000	92
1300	57.494507	91
1301	58.133335	90
1302	57.258427	89
1303	57.909092	88
1304	57.258427	89
1305	56.359550	89
1306	56.359550	89
1307	56.359550	89
1308	57.000000	88
1309	57.655174	87
1310	57.000000	88
1311	57.000000	88
1312	55.908047	87
1313	55.627907	86
1314	55.152943	85
1315	55.809525	84
1316	55.152943	85
1317	54.211765	85
1318	54.211765	85
1319	54.857143	84
1320	54.072289	83
1321	53.975903	83
1322	54.634148	82
1323	55.308643	81
1324	55.308643	81
1325	55.400002	80
1326	54.716049	81
1327	53.799999	80
1328	53.135803	81
1329	53.799999	80
1330	53.135803	81
1331	53.135803	81
1332	52.400002	80
1333	52.400002	80
1334	53.063290	79
1335	52.102566	78
1336	51.443039	79
1337	50.666668	78
1338	49.454544	77
1339	48.736843	76
1340	49.386665	75
1341	48.736843	76
1342	49.386665	75
1343	48.216217	74
1344	48.216217	74
1345	47.573334	75
1346	46.947369	76
1347	47.573334	75
1348	47.573334	75
1349	47.573334	75
1350	46.947369	76
1351	46.210526	76
1352	46.210526	76
1353	46.210526	76
1354	45.119999	75
1355	45.119999	75
1356	44.526318	76
1357	44.526318	76
1358	44.526318	76
1359	43.948051	77
1360	43.948051	77
1361	43.948051	77
1362	43.948051	77
1363	44.526318	76
1364	45.119999	75
1365	45.119999	75
1366	44.526318	76
1367	44.526318	76
1368	45.119999	75
1369	45.729729	74
1370	45.119999	75
1371	45.729729	74
1372	45.150684	73
1373	44.444443	72
1374	43.492958	71
1375	43.492958	71
1376	44.114285	70
1377	45.295776	71
1378	45.295776	71
1379	45.257141	70
1380	44.619717	71
1381	44.000000	72
1382	44.000000	72
1383	44.619717	71
1384	45.257141	70
1385	45.257141	70
1386	44.985508	69
1387	44.588234	68
1388	44.588234	68
1389	44.656715	67
1390	44.121212	66
1391	44.059700	67
1392	44.121212	66
1393	43.692307	65
1394	43.750000	64
1395	43.936508	63
1396	43.936508	63
1397	43.428570	63
1398	42.750000	64
1399	43.428570	63
1400	44.129032	62
1401	43.428570	63
1402	44.129032	62
1403	43.428570	63
1404	43.428570	63
1405	42.750000	64
1406	42.750000	64
1407	42.750000	64
1408	42.092308	65
1409	42.092308	65
1410	41.000000	64
1411	41.650795	63
1412	42.322582	62
1413	42.322582	62
1414	41.650795	63
1415	41.650795	63
1416	41.000000	64
1417	41.650795	63
1418	40.126984	63
1419	40.126984	63
1420	40.126984	63
1421	40.126984	63
1422	38.603176	63
1423	38.603176	63
1424	38.603176	63
1425	38.000000	64
1426	38.603176	63
1427	39.225807	62
1428	39.225807	62
1429	39.225807	62
1430	39.225807	62
1431	39.225807	62
1432	38.603176	63
1433	38.603176	63
1434	39.225807	62
1435	38.819672	61
1436	38.819672	61
1437	38.819672	61
1438	37.866665	60
1439	37.866665	60
1440	37.866665	60
1441	37.245903	61
1442	36.645161	62
1443	37.245903	61
1444	37.245903	61
1445	36.645161	62
1446	36.645161	62
1447	36.645161	62
1448	36.645161	62
1449	36.063492	63
1450	36.063492	63
1451	36.063492	63
1452	36.063492	63
1453	35.354839	62
1454	34.793652	63
1455	34.793652	63
1456	34.793652	63
1457	35.354839	62
1458	35.354839	62
1459	35.934425	61
1460	35.354839	62
1461	35.934425	61
1462	35.934425	61
1463	35.066666	60
1464	34.533333	60
1465	33.967213	61
1466	34.533333	60
1467	34.533333	60
1468	34.533333	60
1469	33.967213	61
1470	34.533333	60
1471	33.491524	59
1472	33.491524	59
1473	33.491524	59
1474	34.068966	58
1475	33.103447	58
1476	33.103447	58
1477	32.542374	59
1478	32.000000	60
1479	31.475410	61
1480	31.475410	61
1481	30.967741	62
1482	30.476191	63
1483	30.476191	63
1484	30.967741	62
1485	39.096775	62
1486	38.451614	62
1487	37.841270	63
1488	38.451614	62
1489	37.806450	62
1490	36.258064	62
1491	35.682541	63
1492	34.451614	62
1493	34.229507	61
1494	35.934425	61
1495	34.754097	61
1496	34.754097	61
1497	33.733334	60
1498	33.733334	60
1499	33.733334	60
1500	33.733334	60
1501	33.733334	60
1502	33.180328	61
1503	33.180328	61
1504	33.733334	60
1505	32.949154	59
1506	32.413792	58
1507	31.864407	59
1508	31.333334	60
1509	31.333334	60
1510	31.864407	59
1511	31.864407	59
1512	31.333334	60
1513	31.864407	59
1514	31.864407	59
1515	31.333334	60
1516	31.333334	60
1517	31.333334	60
1518	30.819672	61
1519	31.333334	60
1520	31.864407	59
1521	31.448277	58
1522	31.448277	58
1523	30.915255	59
1524	30.915255	59
1525	30.915255	59
1526	31.448277	58
1527	32.000000	57
1528	31.428572	56
1529	31.428572	56
1530	30.857143	56
1531	30.690908	55
1532	30.690908	55
1533	30.690908	55
1534	30.370371	54
1535	30.641510	53
1536	29.692308	52
1537	29.692308	52
1538	29.132076	53
1539	29.132076	53
1540	29.132076	53
1541	28.592592	54
1542	28.592592	54
1543	29.132076	53
1544	28.592592	54
1545	28.592592	54
1546	28.592592	54
1547	28.072727	55
1548	28.592592	54
1549	28.592592	54
1550	28.072727	55
1551	28.592592	54
1552	28.592592	54
1553	29.132076	53
1554	28.528301	53
1555	29.076923	52
1556	29.076923	52
1557	29.076923	52
1558	29.076923	52
1559	28.078432	51
1560	28.078432	51
1561	28.078432	51
1562	27.840000	50
1563	27.294117	51
1564	27.294117	51
1565	26.769230	52
1566	26.769230	52
1567	25.692308	52
1568	25.692308	52
1569	25.692308	52
1570	25.692308	52
1571	24.941177	51
1572	24.941177	51
1573	24.461538	52
1574	24.461538	52
1575	24.461538	52
1576	24.461538	52
1577	24.000000	53
1578	23.555555	54
1579	24.000000	53
1580	23.555555	54
1581	23.555555	54
1582	23.127274	55
1583	23.127274	55
1584	23.555555	54
1585	23.555555	54
1586	23.555555	54
1587	23.555555	54
1588	23.127274	55
1589	22.714285	56
1590	22.315790	57
1591	22.714285	56
1592	22.315790	57
1593	21.931034	58
1594	21.931034	58
1595	22.315790	57
1596	22.714285	56
1597	23.127274	55
1598	23.127274	55
1599	23.555555	54
1600	23.555555	54
1601	23.127274	55
1602	23.555555	54
1603	23.555555	54
1604	23.127274	55
1605	23.127274	55
1606	23.555555	54
1607	23.127274	55
1608	23.127274	55
1609	23.127274	55
1610	22.714285	56
1611	22.315790	57
1612	22.315790	57
1613	21.931034	58
1614	21.931034	58
1615	21.559322	59
1616	21.559322	59
1617	21.559322	59
1618	21.559322	59
1619	20.745762	59
1620	20.745762	59
1621	20.745762	59
1622	20.745762	59
1623	21.103449	58
1624	21.103449	58
1625	21.473684	57
1626	21.473684	57
1627	21.473684	57
1628	21.473684	57
1629	21.103449	58
1630	21.103449	58
1631	21.103449	58
1632	21.473684	57
1633	21.857143	56
1634	21.857143	56
1635	21.857143	56
1636	22.254545	55
1637	22.666666	54
1638	23.094339	53
1639	23.538462	52
1640	23.538462	52
1641	23.538462	52
1642	23.094339	53
1643	23.094339	53
1644	22.461538	52
1645	22.461538	52
1646	22.901960	51
1647	22.901960	51
1648	22.901960	51
1649	22.461538	52
1650	22.461538	52
1651	22.901960	51
1652	22.901960	51
1653	22.901960	51
1654	22.901960	51
1655	22.901960	51
1656	22.901960	51
1657	22.901960	51
1658	22.461538	52
1659	22.461538	52
1660	22.037735	53
1661	22.037735	53
1662	22.461538	52
1663	22.461538	52
1664	22.037735	53
1665	22.461538	52
1666	22.037735	53
1667	21.629629	54
1668	22.037735	53
1669	22.461538	52
1670	21.803921	51
1671	21.803921	51
1672	22.240000	50
1673	22.240000	50
1674	22.693878	49
1675	23.166666	48
1676	23.659575	47
1677	23.659575	47
1678	23.319149	47
1679	23.826086	46
1680	24.355556	45
1681	24.909090	44
1682	24.909090	44
1683	24.909090	44
1684	24.909090	44
1685	24.909090	44
1686	24.372093	43
1687	24.372093	43
1688	24.372093	43
1689	24.372093	43
1690	23.818182	44
1691	23.818182	44
1692	23.818182	44
1693	23.069767	43
1694	22.545454	44
1695	22.044445	45
1696	21.565218	46
1697	22.044445	45
1698	21.565218	46
1699	22.044445	45
1700	22.545454	44
1701	22.044445	45
1702	22.545454	44
1703	21.953489	43
1704	21.953489	43
1705	21.333334	42
1706	21.853659	41
1707	21.853659	41
1708	22.400000	40
1709	22.400000	40
1710	22.974360	39
1711	22.974360	39
1712	22.974360	39
1713	22.736841	38
1714	22.486486	37
1715	22.486486	37
1716	22.666666	36
1717	22.054054	37
1718	22.666666	36
1719	22.666666	36
1720	22.666666	36
1721	22.171429	35
1722	21.555555	36
1723	21.555555	36
1724	21.555555	36
1725	22.171429	35
1726	22.171429	35
1727	21.555555	36
1728	21.555555	36
1729	22.171429	35
1730	22.171429	35
1731	22.171429	35
1732	21.647058	34
1733	21.647058	34
1734	21.647058	34
1735	21.090910	33
1736	21.090910	33
1737	21.250000	32
1738	21.250000	32
1739	21.250000	32
1740	21.250000	32
1741	20.606060	33
1742	20.000000	34
1743	20.606060	33
1744	20.606060	33
1745	20.606060	33
1746	21.250000	32
1747	21.250000	32
1748	21.250000	32
1749	21.250000	32
1750	20.606060	33
1751	20.606060	33
1752	21.250000	32
1753	20.606060	33
1754	20.606060	33
1755	20.606060	33
1756	21.250000	32
1757	21.677420	31
1758	21.866667	30
1759	21.866667	30
1760	21.517241	29
1761	21.517241	29
1762	20.799999	30
1763	20.799999	30
1764	20.129032	31
1765	19.500000	32
1766	19.500000	32
1767	19.500000	32
1768	20.129032	31
1769	20.129032	31
1770	20.129032	31
1771	19.500000	32
1772	19.500000	32
1773	19.500000	32
1774	19.500000	32
1775	18.909090	33
1776	18.352942	34
1777	18.352942	34
1778	18.352942	34
1779	18.909090	33
1780	18.909090	33
1781	18.909090	33
1782	18.909090	33
1783	18.909090	33
1784	19.500000	32
1785	18.909090	33
1786	18.909090	33
1787	18.909090	33
1788	18.909090	33
1789	18.352942	34
1790	17.882353	34
1791	17.882353	34
1792	17.882353	34
1793	18.424242	33
1794	17.696970	33
1795	17.696970	33
1796	17.176470	34
1797	17.176470	34
1798	17.696970	33
1799	17.176470	34
1800	17.176470	34
1801	17.176470	34
1802	17.176470	34
1803	17.696970	33
1804	17.696970	33
1805	17.696970	33
1806	17.176470	34
1807	17.696970	33
1808	17.176470	34
1809	17.696970	33
1810	18.250000	32
1811	18.838709	31
1812	18.838709	31
1813	18.838709	31
1814	19.466667	30
1815	19.466667	30
1816	21.161291	31
1817	21.161291	31
1818	21.161291	31
1819	21.161291	31
1820	21.161291	31
1821	21.161291	31
1822	21.161291	31
1823	20.500000	32
1824	20.500000	32
1825	20.500000	32
1826	20.129032	31
1827	20.129032	31
1828	20.129032	31
1829	19.500000	32
1830	18.250000	32
1831	17.696970	33
1832	17.176470	34
1833	17.696970	33
1834	17.176470	34
1835	17.176470	34
1836	27.294117	34
1837	24.470589	34
1838	24.470589	34
1839	23.771429	35
1840	23.111111	36
1841	23.111111	36
1842	23.771429	35
1843	23.111111	36
1844	23.111111	36
1845	21.485714	35
1846	22.117647	34
1847	21.485714	35
1848	21.485714	35
1849	19.058823	34
1850	19.058823	34
1851	19.058823	34
1852	19.058823	34
1853	19.058823	34
1854	19.636364	33
1855	19.636364	33
1856	19.058823	34
1857	19.636364	33
1858	20.250000	32
1859	19.636364	33
1860	19.058823	34
1861	19.058823	34
1862	19.058823	34
1863	19.636364	33
1864	19.636364	33
1865	19.636364	33
1866	19.058823	34
1867	19.058823	34
1868	19.058823	34
1869	19.636364	33
1870	19.393940	33
1871	19.393940	33
1872	19.393940	33
1873	19.393940	33
1874	18.823530	34
1875	18.823530	34
1876	18.823530	34
1877	18.823530	34
1878	18.823530	34
1879	18.823530	34
1880	18.823530	34
1881	18.352942	34
1882	17.828571	35
1883	18.352942	34
1884	17.828571	35
1885	17.333334	36
1886	17.333334	36
1887	17.111111	36
1888	17.111111	36
1889	17.111111	36
1890	17.600000	35
1891	17.111111	36
1892	17.111111	36
1893	17.600000	35
1894	18.117647	34
1895	18.666666	33
1896	18.117647	34
1897	18.117647	34
1898	18.117647	34
1899	17.600000	35
1900	17.600000	35
1901	17.600000	35
1902	17.111111	36
1903	17.600000	35
1904	17.600000	35
1905	17.600000	35
1906	18.117647	34
1907	17.600000	35
1908	18.117647	34
1909	17.647058	34
1910	17.142857	35
1911	16.666666	36
1912	17.142857	35
1913	16.666666	36
1914	17.142857	35
1915	17.142857	35
1916	17.142857	35
1917	16.235294	34
1918	15.771428	35
1919	15.771428	35
1920	15.771428	35
1921	15.771428	35
1922	15.771428	35
1923	16.235294	34
1924	16.727272	33
1925	16.235294	34
1926	16.235294	34
1927	16.235294	34
1928	16.727272	33
1929	16.727272	33
1930	16.727272	33
1931	16.727272	33
1932	16.727272	33
1933	16.727272	33
1934	16.727272	33
1935	16.235294	34
1936	16.235294	34
1937	16.235294	34
1938	16.235294	34
1939	15.771428	35
1940	15.333333	36
1941	15.333333	36
1942	15.771428	35
1943	15.333333	36
1944	15.771428	35
1945	15.771428	35
1946	15.771428	35
1947	15.771428	35
1948	15.771428	35
1949	16.235294	34
1950	15.771428	35
1951	16.235294	34
1952	15.515152	33
1953	16.000000	32
1954	15.515152	33
1955	15.515152	33
1956	15.515152	33
1957	15.515152	33
1958	15.058824	34
1959	15.058824	34
1960	15.515152	33
1961	15.058824	34
1962	14.628572	35
1963	14.628572	35
1964	14.628572	35
1965	14.628572	35
1966	14.628572	35
1967	14.628572	35
1968	14.628572	35
1969	14.628572	35
1970	15.058824	34
1971	15.058824	34
1972	15.058824	34
1973	15.515152	33
1974	15.515152	33
1975	15.058824	34
1976	15.058824	34
1977	14.628572	35
1978	14.628572	35
1979	14.628572	35
1980	14.222222	36
1981	14.222222	36
1982	14.222222	36
1983	14.628572	35
1984	14.628572	35
1985	14.628572	35
1986	14.628572	35
1987	14.222222	36
1988	13.837838	37
1989	13.473684	38
1990	13.128205	39
1991	12.800000	40
1992	12.487804	41
1993	12.487804	41
1994	12.800000	40
1995	12.487804	41
1996	12.800000	40
1997	13.128205	39
1998	13.473684	38
1999	13.473684	38
2000	13.837838	37
2001	13.837838	37
2002	13.837838	37
2003	13.473684	38
2004	13.128205	39
2005	13.128205	39
2006	13.128205	39
2007	12.800000	40
2008	13.128205	39
2009	12.800000	40
2010	12.800000	40
2011	12.800000	40
2012	13.128205	39
2013	13.128205	39
2014	13.128205	39
2015	13.128205	39
2016	13.473684	38
2017	13.473684	38
2018	13.473684	38
2019	13.128205	39
2020	13.128205	39
2021	13.128205	39
2022	13.128205	39
2023	13.128205	39
2024	12.800000	40
2025	12.487804	41
2026	12.190476	42
2027	12.190476	42
2028	12.487804	41
2029	12.487804	41
2030	12.487804	41
2031	12.190476	42
2032	12.190476	42
2033	12.487804	41
2034	12.487804	41
2035	12.190476	42
2036	12.190476	42
2037	12.190476	42
2038	11.906977	43
2039	12.190476	42
2040	12.190476	42
2041	12.190476	42
2042	11.906977	43
2043	11.906977	43
2044	12.190476	42
2045	12.190476	42
2046	11.809524	42
2047	11.809524	42
2048	11.809524	42
2049	11.809524	42
2050	11.809524	42
2051	11.809524	42
2052	11.809524	42
2053	11.534883	43
2054	11.272727	44
2055	11.272727	44
2056	11.022223	45
2057	10.782609	46
2058	10.782609	46
2059	10.553191	47
2060	10.553191	47
2061	10.333333	48
2062	10.553191	47
2063	10.333333	48
2064	10.333333	48
2065	10.333333	48
2066	10.553191	47
2067	10.782609	46
2068	11.022223	45
2069	11.022223	45
2070	11.272727	44
2071	11.272727	44
2072	11.022223	45
2073	11.022223	45
2074	11.022223	45
2075	10.782609	46
2076	11.022223	45
2077	11.272727	44
2078	11.022223	45
2079	10.782609	46
2080	10.782609	46
2081	10.553191	47
2082	10.333333	48
2083	10.553191	47
2084	10.782609	46
2085	11.022223	45
2086	11.272727	44
2087	11.272727	44
2088	11.272727	44
2089	11.272727	44
2090	11.090909	44
2091	11.090909	44
2092	11.090909	44
2093	11.090909	44
2094	11.348837	43
2095	11.090909	44
2096	11.090909	44
2097	10.844444	45
2098	10.608696	46
2099	10.608696	46
2100	10.844444	45
2101	10.844444	45
2102	10.844444	45
2103	10.844444	45
2104	10.844444	45
2105	11.090909	44
2106	11.090909	44
2107	10.844444	45
2108	10.844444	45
2109	10.608696	46
2110	10.608696	46
2111	10.608696	46
2112	10.608696	46
2113	10.382978	47
2114	10.166667	48
2115	10.382978	47
2116	10.608696	46
2117	10.608696	46
2118	10.382978	47
2119	10.382978	47
2120	10.382978	47
2121	10.382978	47
2122	10.382978	47
2123	10.608696	46
2124	10.608696	46
2125	10.382978	47
2126	10.608696	46
2127	10.608696	46
2128	10.382978	47
2129	10.382978	47
2130	10.382978	47
2131	10.382978	47
2132	10.382978	47
2133	10.382978	47
2134	10.382978	47
2135	10.382978	47
2136	10.382978	47
2137	10.166667	48
2138	10.382978	47
2139	10.166667	48
2140	10.166667	48
2141	10.166667	48
2142	10.382978	47
2143	10.382978	47
2144	10.608696	46
2145	10.382978	47
2146	10.382978	47
2147	10.166667	48
2148	10.166667	48
2149	10.166667	48
2150	10.382978	47
2151	10.608696	46
2152	10.608696	46
2153	10.608696	46
2154	10.608696	46
2155	10.608696	46
2156	10.382978	47
2157	10.382978	47
2158	10.166667	48
2159	10.166667	48
2160	10.382978	47
2161	10.382978	47
2162	10.382978	47
2163	10.382978	47
2164	10.382978	47
2165	10.608696	46
2166	10.844444	45
2167	10.608696	46
2168	10.382978	47
2169	22.333334	48
2170	22.333334	48
2171	22.333334	48
2172	21.877550	49
2173	21.877550	49
2174	20.666666	48
2175	21.106382	47
2176	20.695652	46
2177	20.255320	47
2178	20.255320	47
2179	20.255320	47
2180	20.695652	46
2181	19.555555	45
2182	19.555555	45
2183	19.130434	46
2184	19.130434	46
2185	19.130434	46
2186	19.130434	46
2187	18.723404	47
2188	19.130434	46
2189	19.130434	46
2190	18.723404	47
2191	18.723404	47
2192	18.723404	47
2193	18.723404	47
2194	19.130434	46
2195	19.130434	46
2196	19.555555	45
2197	19.130434	46
2198	19.130434	46
2199	18.723404	47
2200	18.333334	48
2201	18.723404	47
2202	18.333334	48
2203	18.333334	48
2204	18.333334	48
2205	18.333334	48
2206	18.333334	48
2207	18.333334	48
2208	18.333334	48
2209	18.723404	47
2210	18.723404	47
2211	18.723404	47
2212	18.723404	47
2213	18.723404	47
2214	18.723404	47
2215	18.723404	47
2216	18.723404	47
2217	18.333334	48
2218	17.959183	49
2219	18.333334	48
2220	18.723404	47
2221	18.333334	48
2222	18.333334	48
2223	17.959183	49
2224	18.333334	48
2225	18.723404	47
2226	18.723404	47
2227	18.723404	47
2228	18.723404	47
2229	18.333334	48
2230	17.959183	49
2231	18.333334	48
2232	17.959183	49
2233	17.959183	49
2234	18.333334	48
2235	18.333334	48
2236	18.723404	47
2237	18.723404	47
2238	18.723404	47
2239	19.130434	46
2240	18.723404	47
2241	19.130434	46
2242	19.130434	46
2243	19.130434	46
2244	18.723404	47
2245	18.723404	47
2246	18.382978	47
2247	18.782608	46
2248	18.382978	47
2249	18.382978	47
2250	18.000000	48
2251	18.000000	48
2252	17.632652	49
2253	18.000000	48
2254	17.666666	48
2255	17.666666	48
2256	17.306122	49
2257	17.306122	49
2258	16.959999	50
2259	16.627451	51
2260	16.959999	50
2261	16.639999	50
2262	16.313726	51
2263	16.000000	52
2264	16.313726	51
2265	16.313726	51
2266	16.000000	52
2267	16.313726	51
2268	16.313726	51
2269	16.000000	52
2270	16.313726	51
2271	16.639999	50
2272	16.160000	50
2273	16.160000	50
2274	15.843137	51
2275	15.843137	51
2276	15.215686	51
2277	15.215686	51
2278	14.923077	52
2279	14.923077	52
2280	14.641509	53
2281	14.923077	52
2282	14.641509	53
2283	14.370370	54
2284	14.109091	55
2285	14.109091	55
2286	14.109091	55
2287	14.370370	54
2288	14.109091	55
2289	14.109091	55
2290	13.857142	56
2291	13.614035	57
2292	13.857142	56
2293	13.614035	57
2294	13.379311	58
2295	13.614035	57
2296	13.614035	57
2297	13.614035	57
2298	13.614035	57
2299	13.379311	58
2300	13.379311	58
2301	13.379311	58
2302	13.152542	59
2303	13.379311	58
2304	13.152542	59
2305	12.474576	59
2306	12.474576	59
2307	12.689655	58
2308	12.474576	59
2309	12.474576	59
2310	12.266666	60
2311	12.065574	61
2312	12.065574	61
2313	12.065574	61
2314	11.934426	61
2315	11.741936	62
2316	11.741936	62
2317	11.934426	61
2318	11.409836	61
2319	11.225806	62
2320	11.409836	61
2321	11.600000	60
2322	11.409836	61
2323	11.600000	60
2324	11.409836	61
2325	11.225806	62
2326	11.225806	62
2327	11.047619	63
2328	11.047619	63
2329	10.875000	64
2330	10.707692	65
2331	10.707692	65
2332	10.707692	65
2333	10.545455	66
2334	10.388060	67
2335	10.545455	66
2336	10.545455	66
2337	10.545455	66
2338	10.424242	66
2339	10.424242	66
2340	10.268657	67
2341	10.424242	66
2342	10.268657	67
2343	10.117647	68
2344	10.268657	67
2345	10.268657	67
2346	10.149254	67
2347	10.000000	68
2348	9.855072	69
2349	9.714286	70
2350	9.855072	69
2351	9.855072	69
2352	10.000000	68
2353	10.149254	67
2354	9.791045	67
2355	9.791045	67
2356	9.647058	68
2357	9.647058	68
2358	9.647058	68
2359	9.507246	69
2360	9.507246	69
2361	9.371428	70
2362	9.371428	70
2363	9.507246	69
2364	9.371428	70
2365	9.507246	69
2366	9.371428	70
2367	9.507246	69
2368	9.371428	70
2369	9.371428	70
2370	9.371428	70
2371	9.507246	69
2372	9.371428	70
2373	9.239436	71
2374	9.371428	70
2375	9.507246	69
2376	9.507246	69
2377	9.647058	68
2378	9.507246	69
2379	9.507246	69
2380	8.927536	69
2381	8.927536	69
2382	8.927536	69
2383	8.800000	70
2384	8.800000	70
2385	8.927536	69
2386	8.800000	70
2387	8.800000	70
2388	8.676056	71
2389	8.555555	72
2390	8.555555	72
2391	8.676056	71
2392	8.676056	71
2393	8.555555	72
2394	8.555555	72
2395	8.555555	72
2396	8.438356	73
2397	8.555555	72
2398	8.438356	73
2399	8.555555	72
2400	8.438356	73
2401	8.438356	73
2402	8.324325	74
2403	8.438356	73
2404	8.324325	74
2405	8.108109	74
2406	8.219178	73
2407	8.108109	74
2408	8.000000	75
2409	8.000000	75
2410	7.894737	76
2411	8.000000	75
2412	8.108109	74
2413	8.000000	75
2414	8.000000	75
2415	8.000000	75
2416	7.894737	76
2417	8.000000	75
2418	7.894737	76
2419	8.000000	75
2420	7.894737	76
2421	7.894737	76
2422	7.789474	76
2423	7.789474	76
2424	7.688312	77
2425	7.688312	77
2426	7.688312	77
2427	7.688312	77
2428	7.589744	78
2429	7.589744	78
2430	7.688312	77
2431	7.688312	77
2432	7.589744	78
2433	7.589744	78
2434	7.493671	79
2435	7.493671	79
2436	7.589744	78
2437	7.688312	77
2438	7.589744	78
2439	7.493671	79
2440	7.400000	80
2441	7.493671	79
2442	7.589744	78
2443	7.688312	77
2444	7.589744	78
2445	7.589744	78
2446	7.589744	78
2447	7.493671	79
2448	7.589744	78
2449	7.688312	77
2450	7.589744	78
2451	7.589744	78
2452	7.493671	79
2453	7.493671	79
2454	7.400000	80
2455	7.493671	79
2456	7.400000	80
2457	7.400000	80
2458	7.308642	81
2459	7.308642	81
2460	7.219512	82
2461	7.308642	81
2462	7.219512	82
2463	7.132530	83
2464	7.132530	83
2465	7.047619	84
2466	7.132530	83
2467	7.219512	82
2468	7.132530	83
2469	7.219512	82
2470	7.219512	82
2471	7.219512	82
2472	7.219512	82
2473	7.219512	82
2474	7.024390	82
2475	7.024390	82
2476	7.024390	82
2477	7.111111	81
2478	7.024390	82
2479	7.024390	82
2480	6.731707	82
2481	6.814815	81
2482	6.731707	82
2483	6.814815	81
2484	6.617284	81
2485	6.617284	81
2486	6.536585	82
2487	6.457831	83
2488	6.457831	83
2489	6.536585	82
2490	6.457831	83
2491	6.457831	83
2492	6.380952	84
2493	6.380952	84
2494	6.190476	84
2495	6.190476	84
2496	6.190476	84
2497	6.117647	85
2498	6.190476	84
2499	6.190476	84
2500	6.117647	85
2501	6.190476	84
2502	6.117647	85
2503	6.046512	86
2504	6.046512	86
2505	6.046512	86
2506	6.046512	86
2507	6.117647	85
2508	6.046512	86
2509	6.117647	85
2510	6.046512	86
2511	6.117647	85
2512	6.046512	86
2513	5.977012	87
2514	6.046512	86
2515	5.977012	87
2516	6.046512	86
2517	6.046512	86
2518	5.977012	87
2519	6.046512	86
2520	5.977012	87
2521	6.046512	86
2522	5.977012	87
2523	6.046512	86
2524	5.977012	87
2525	5.977012	87
2526	5.909091	88
2527	5.842697	89
2528	5.909091	88
2529	5.977012	87
2530	5.909091	88
2531	5.842697	89
2532	5.777778	90
2533	5.777778	90
2534	5.842697	89
2535	5.842697	89
2536	5.842697	89
2537	5.842697	89
2538	5.842697	89
2539	5.777778	90
2540	5.777778	90
2541	5.777778	90
2542	5.714286	91
2543	5.714286	91
2544	5.714286	91
2545	5.714286	91
2546	5.652174	92
2547	5.714286	91
2548	5.714286	91
2549	5.777778	90
2550	5.714286	91
2551	5.652174	92
2552	5.652174	92
2553	5.652174	92
2554	5.591398	93
2555	5.591398	93
2556	5.161290	93
2557	5.161290	93
2558	5.106383	94
2559	5.106383	94
2560	5.052631	95
2561	5.106383	94
2562	5.052631	95
2563	5.052631	95
2564	5.000000	96
2565	5.000000	96
2566	4.948453	97
2567	5.000000	96
2568	4.948453	97
2569	4.948453	97
2570	4.948453	97
2571	5.000000	96
2572	5.000000	96
2573	5.000000	96
2574	4.583333	96
2575	4.536082	97
2576	4.583333	96
2577	4.631579	95
2578	4.583333	96
2579	4.583333	96
2580	4.536082	97
2581	4.536082	97
2582	4.583333	96
2583	4.536082	97
2584	4.583333	96
2585	4.583333	96
2586	4.536082	97
2587	4.536082	97
2588	4.536082	97
2589	4.536082	97
2590	4.536082	97
2591	4.489796	98
2592	4.444445	99
2593	4.489796	98
2594	4.489796	98
2595	4.444445	99
2596	4.489796	98
2597	4.536082	97
2598	4.536082	97
2599	4.536082	97
2600	4.489796	98
2601	4.444445	99
2602	4.444445	99
2603	4.400000	100
2604	4.400000	100
2605	4.444445	99
2606	4.400000	100
2607	4.400000	100
2608	4.356436	101
2609	4.356436	101
2610	4.356436	101
2611	4.356436	101
2612	4.313725	102
2613	4.313725	102
2614	4.271845	103
2615	4.271845	103
2616	4.271845	103
2617	4.271845	103
2618	4.271845	103
2619	4.271845	103
2620	4.230769	104
2621	4.230769	104
2622	4.230769	104
2623	4.230769	104
2624	4.230769	104
2625	4.271845	103
2626	4.230769	104
2627	3.961165	103
2628	3.961165	103
2629	3.961165	103
2630	3.650486	103
2631	3.650486	103
2632	3.615385	104
2633	3.615385	104
2634	3.580952	105
2635	3.615385	104
2636	3.615385	104
2637	3.580952	105
2638	3.580952	105
2639	3.580952	105
2640	3.547170	106
2641	3.580952	105
2642	3.547170	106
2643	3.547170	106
2644	3.547170	106
2645	3.580952	105
2646	3.580952	105
2647	3.580952	105
2648	3.580952	105
2649	3.580952	105
2650	3.580952	105
2651	3.615385	104
2652	3.580952	105
2653	3.580952	105
2654	3.547170	106
2655	3.547170	106
2656	3.514019	107
2657	3.547170	106
2658	3.514019	107
2659	3.547170	106
2660	3.547170	106
2661	3.547170	106
2662	3.547170	106
2663	3.580952	105
2664	3.547170	106
2665	3.514019	107
2666	3.514019	107
2667	3.514019	107
2668	3.547170	106
2669	3.547170	106
2670	3.320755	106
2671	3.320755	106
2672	3.289720	107
2673	3.320755	106
2674	3.289720	107
2675	3.289720	107
2676	3.289720	107
2677	3.320755	106
2678	3.289720	107
2679	3.289720	107
2680	3.259259	108
2681	3.229358	109
2682	3.259259	108
2683	3.289720	107
2684	3.259259	108
2685	3.229358	109
2686	3.229358	109
2687	3.259259	108
2688	3.229358	109
2689	3.229358	109
2690	3.200000	110
2691	3.229358	109
2692	3.200000	110
2693	3.171171	111
2694	3.171171	111
2695	3.171171	111
2696	3.142857	112
2697	3.142857	112
2698	3.115044	113
2699	3.142857	112
2700	3.115044	113
2701	3.115044	113
2702	3.087719	114
2703	3.087719	114
2704	3.087719	114
2705	3.087719	114
2706	3.060869	115
2707	3.060869	115
2708	3.034483	116
2709	3.034483	116
2710	3.034483	116
2711	3.034483	116
2712	3.034483	116
2713	3.034483	116
2714	3.034483	116
2715	3.008547	117
2716	3.008547	117
2717	3.008547	117
2718	2.983051	118
2719	3.008547	117
2720	2.983051	118
2721	2.983051	118
2722	2.983051	118
2723	2.983051	118
2724	2.957983	119
2725	2.983051	118
2726	3.008547	117
2727	3.008547	117
2728	2.827586	116
2729	2.827586	116
2730	2.827586	116
2731	2.852174	115
2732	2.852174	115
2733	2.852174	115
2734	2.852174	115
2735	2.852174	115
2736	2.827586	116
2737	2.827586	116
2738	2.803419	117
2739	2.779661	118
2740	2.779661	118
2741	2.779661	118
2742	2.666667	117
2743	2.666667	117
2744	2.644068	118
2745	2.621849	119
2746	2.644068	118
2747	2.644068	118
2748	2.644068	118
2749	2.644068	118
2750	2.621849	119
2751	2.600000	120
2752	2.621849	119
2753	2.621849	119
2754	2.621849	119
2755	2.644068	118
2756	2.644068	118
2757	2.644068	118
2758	2.621849	119
2759	2.621849	119
2760	2.600000	120
2761	2.600000	120
2762	2.600000	120
2763	2.578512	121
2764	2.600000	120
2765	2.578512	121
2766	2.578512	121
2767	2.578512	121
2768	2.557377	122
2769	2.536585	123
2770	2.536585	123
2771	2.557377	122
2772	2.557377	122
2773	2.557377	122
2774	2.557377	122
2775	2.557377	122
2776	2.491803	122
2777	2.491803	122
2778	2.491803	122
2779	2.491803	122
2780	2.471545	123
2781	2.491803	122
2782	2.471545	123
2783	2.471545	123
2784	2.451613	124
2785	2.471545	123
2786	2.451613	124
2787	2.432000	125
2788	2.451613	124
2789	2.471545	123
2790	2.471545	123
2791	2.471545	123
2792	2.451613	124
2793	2.471545	123
2794	2.471545	123
2795	2.471545	123
2796	2.451613	124
2797	2.432000	125
2798	2.432000	125
2799	2.432000	125
2800	2.432000	125
2801	2.432000	125
2802	2.432000	125
2803	2.432000	125
2804	2.412699	126
2805	2.412699	126
2806	2.412699	126
2807	2.412699	126
2808	2.432000	125
2809	2.432000	125
2810	2.451613	124
2811	2.451613	124
2812	40.192001	125
2813	39.612904	124
2814	39.483871	124
2815	39.483871	124
2816	39.167999	125
2817	38.848000	125
2818	38.848000	125
2819	38.848000	125
2820	38.720001	125
2821	39.032257	124
2822	38.720001	125
2823	38.412697	126
2824	38.412697	126
2825	37.695999	125
2826	37.396824	126
2827	37.102364	127
2828	36.812500	128
2829	37.102364	127
2830	36.787403	127
2831	36.787403	127
2832	36.500000	128
2833	36.500000	128
2834	36.500000	128
2835	35.842518	127
2836	35.562500	128
2837	35.562500	128
2838	35.286823	129
2839	35.562500	128
2840	35.286823	129
2841	35.286823	129
2842	35.015385	130
2843	35.015385	130
2844	34.748093	131
2845	35.015385	130
2846	34.769230	130
2847	35.038761	129
2848	34.769230	130
2849	34.503819	131
2850	34.769230	130
2851	35.038761	129
2852	35.038761	129
2853	34.769230	130
2854	34.769230	130
2855	35.038761	129
2856	34.728683	129
2857	34.728683	129
2858	34.356590	129
2859	33.860466	129
2860	33.860466	129
2861	34.125000	128
2862	33.860466	129
2863	34.125000	128
2864	34.125000	128
2865	33.937500	128
2866	33.937500	128
2867	33.937500	128
2868	33.812500	128
2869	33.812500	128
2870	33.062500	128
2871	33.322834	127
2872	32.881889	127
2873	32.881889	127
2874	32.625000	128
2875	32.375000	128
2876	32.375000	128
2877	32.629921	127
2878	32.375000	128
2879	32.124031	129
2880	32.375000	128
2881	32.629921	127
2882	32.375000	128
2883	32.629921	127
2884	32.375000	128
2885	32.629921	127
2886	32.375000	128
2887	32.375000	128
2888	32.062500	128
2889	32.062500	128
2890	31.813953	129
2891	32.062500	128
2892	31.813953	129
2893	31.813953	129
2894	31.569231	130
2895	31.813953	129
2896	31.627907	129
2897	31.627907	129
2898	31.384615	130
2899	31.384615	130
2900	31.145039	131
2901	31.384615	130
2902	31.200001	130
2903	31.200001	130
2904	30.961832	131
2905	30.961832	131
2906	30.961832	131
2907	30.961832	131
2908	30.727272	132
2909	30.727272	132
2910	30.496241	133
2911	30.496241	133
2912	30.268656	134
2913	30.496241	133
2914	30.268656	134
2915	30.044445	135
2916	30.268656	134
2917	30.044445	135
2918	30.268656	134
2919	30.496241	133
2920	29.954887	133
2921	29.954887	133
2922	29.731344	134
2923	29.373135	134
2924	29.373135	134
2925	29.373135	134
2926	29.155556	135
2927	29.155556	135
2928	29.155556	135
2929	29.155556	135
2930	28.941177	136
2931	28.941177	136
2932	28.729927	137
2933	28.729927	137
2934	28.379562	137
2935	28.379562	137
2936	28.173914	138
2937	28.379562	137
2938	28.173914	138
2939	43.625900	139
2940	43.942028	138
2941	43.503651	137
2942	43.188404	138
2943	43.503651	137
2944	43.445255	137
2945	43.130436	138
2946	42.820145	139
2947	42.820145	139
2948	42.514286	140
2949	42.114285	140
2950	42.114285	140
2951	42.057144	140
2952	42.359711	139
2953	40.920864	139
2954	40.628571	140
2955	40.920864	139
2956	40.628571	140
2957	40.114285	140
2958	39.771427	140
2959	39.657143	140
2960	39.657143	140
2961	45.333332	141
2962	45.014084	142
2963	45.014084	142
2964	43.661972	142
2965	43.356644	143
2966	43.055557	144
2967	43.356644	143
2968	43.055557	144
2969	42.349651	143
2970	41.230770	143
2971	41.230770	143
2972	40.391609	143
2973	40.391609	143
2974	40.391609	143
2975	40.676056	142
2976	40.964539	141
2977	40.964539	141
2978	40.676056	142
2979	40.676056	142
2980	40.225353	142
2981	40.225353	142
2982	39.944057	143
2983	39.944057	143
2984	39.666668	144
2985	39.277779	144
2986	39.006897	145
2987	39.006897	145
2988	39.277779	144
2989	39.277779	144
2990	39.006897	145
2991	39.006897	145
2992	38.289654	145
2993	38.289654	145
2994	37.627586	145
2995	37.627586	145
2996	37.351723	145
2997	37.351723	145
2998	37.351723	145
2999	37.611111	144
3000	37.444443	144
3001	37.444443	144
3002	37.111111	144
3003	37.090908	143
3004	43.244755	143
3005	42.013985	143
3006	41.464790	142
3007	41.758865	141
3008	41.361702	141
3009	41.070423	142
3010	40.783218	143
3011	40.783218	143
3012	40.783218	143
3013	40.503498	143
3014	40.503498	143
3015	40.503498	143
3016	40.222221	144
3017	40.222221	144
3018	39.833332	144
3019	39.833332	144
3020	39.833332	144
3021	39.833332	144
3022	39.558620	145
3023	39.558620	145
3024	39.227585	145
3025	38.958904	146
3026	39.227585	145
3027	38.958904	146
3028	39.227585	145
3029	39.227585	145
3030	39.000000	144
3031	39.000000	144
3032	38.833332	144
3033	38.833332	144
3034	38.565517	145
3035	38.833332	144
3036	38.545456	143
3037	38.277779	144
3038	38.013794	145
3039	38.013794	145
3040	38.277779	144
3041	38.277779	144
3042	38.013794	145
3043	38.013794	145
3044	37.903450	145
3045	37.388889	144
3046	37.388889	144
3047	37.650349	143
3048	37.388889	144
3049	37.388889	144
3050	37.131035	145
3051	36.744827	145
3052	36.137932	145
3053	35.917240	145
3054	35.671234	146
3055	35.917240	145
3056	35.917240	145
3057	35.917240	145
3058	35.671234	146
3059	35.917240	145
3060	36.166668	144
3061	36.166668	144
3062	35.666668	144
3063	35.666668	144
3064	35.420689	145
3065	35.420689	145
3066	35.420689	145
3067	35.666668	144
3068	35.444443	144
3069	35.444443	144
3070	35.200001	145
3071	34.958904	146
3072	35.200001	145
3073	35.200001	145
3074	34.958904	146
3075	34.958904	146
3076	34.684933	146
3077	34.684933	146
3078	34.448978	147
3079	34.448978	147
3080	34.340137	147
3081	33.795918	147
3082	33.567566	148
3083	33.567566	148
3084	33.243244	148
3085	33.243244	148
3086	33.243244	148
3087	33.469387	147
3088	33.360546	147
3089	33.360546	147
3090	33.360546	147
3091	33.135136	148
3092	33.135136	148
3093	32.912750	149
3094	33.135136	148
3095	33.360546	147
3096	33.135136	148
3097	33.135136	148
3098	32.486488	148
3099	32.486488	148
3100	32.378380	148
3101	32.378380	148
3102	32.378380	148
3103	32.378380	148
3104	32.161076	149
3105	31.946667	150
3106	31.573334	150
3107	31.573334	150
3108	31.785234	149
3109	31.570469	149
3110	31.783783	148
3111	31.783783	148
3112	31.891157	147
3113	31.675676	148
3114	31.675676	148
3115	31.463087	149
3116	31.675676	148
3117	31.675676	148
3118	31.463087	149
3119	31.675676	148
3120	31.567568	148
3121	31.567568	148
3122	31.355705	149
3123	31.355705	149
3124	31.146667	150
3125	31.355705	149
3126	31.355705	149
3127	31.146667	150
3128	31.146667	150
3129	31.146667	150
3130	30.940397	151
3131	30.940397	151
3132	30.781458	151
3133	30.781458	151
3134	30.578947	152
3135	30.781458	151
3136	30.578947	152
3137	30.578947	152
3138	30.379086	153
3139	30.326797	153
3140	30.129869	154
3141	30.129869	154
3142	30.129869	154
3143	30.129869	154
3144	30.129869	154
3145	30.326797	153
3146	30.169935	153
3147	30.368422	152
3148	30.105263	152
3149	29.908497	153
3150	29.908497	153
3151	29.908497	153
3152	29.856209	153
3153	29.856209	153
3154	29.662338	154
3155	29.662338	154
3156	29.470968	155
3157	29.470968	155
3158	29.282051	156
3159	29.282051	156
3160	29.095541	157
3161	29.282051	156
3162	29.109678	155
3163	29.109678	155
3164	28.799999	155
3165	28.799999	155
3166	28.799999	155
3167	28.799999	155
3168	28.645161	155
3169	28.645161	155
3170	28.461538	156
3171	27.897436	156
3172	27.719746	157
3173	27.414013	157
3174	27.414013	157
3175	27.589743	156
3176	27.589743	156
3177	27.767742	155
3178	27.589743	156
3179	27.589743	156
3180	27.414013	157
3181	27.589743	156
3182	27.414013	157
3183	27.589743	156
3184	27.230770	156
3185	27.057325	157
3186	27.057325	157
3187	27.230770	156
3188	27.057325	157
3189	27.057325	157
3190	26.886076	158
3191	26.886076	158
3192	26.716982	159
3193	26.549999	160
3194	26.385094	161
3195	26.549999	160
3196	26.716982	159
3197	26.716982	159
3198	26.616352	159
3199	26.784811	158
3200	26.445860	157
3201	26.445860	157
3202	26.292994	157
3203	25.834394	157
3204	25.834394	157
3205	25.834394	157
3206	25.670887	158
3207	25.834394	157
3208	25.834394	157
3209	25.834394	157
3210	25.834394	157
3211	25.670887	158
3212	25.367088	158
3213	25.367088	158
3214	25.063292	158
3215	25.063292	158
3216	25.063292	158
3217	25.222929	157
3218	25.063292	158
3219	25.063292	158
3220	24.905661	159
3221	24.905661	159
3222	24.750000	160
3223	24.905661	159
3224	24.860760	158
3225	24.860760	158
3226	24.860760	158
3227	24.506329	158
3228	24.352201	159
3229	24.352201	159
3230	24.352201	159
3231	24.506329	158
3232	24.151899	158
3233	24.000000	159
3234	24.151899	158
3235	24.151899	158
3236	23.696203	158
3237	23.847134	157
3238	23.847134	157
3239	23.847134	157
3240	23.847134	157
3241	23.847134	157
3242	23.235668	157
3243	23.235668	157
3244	23.088608	158
3245	22.943396	159
3246	23.088608	158
3247	23.088608	158
3248	23.088608	158
3249	23.088608	158
3250	23.088608	158
3251	22.987341	158
3252	22.987341	158
3253	22.987341	158
3254	22.987341	158
3255	23.133759	157
3256	23.133759	157
3257	23.133759	157
3258	22.878981	157
3259	23.025640	156
3260	22.878981	157
3261	22.878981	157
3262	22.318472	157
3263	22.318472	157
3264	22.177216	158
3265	22.177216	158
3266	22.037735	159
3267	22.037735	159
3268	21.836477	159
3269	21.836477	159
3270	21.700001	160
3271	21.836477	159
3272	21.836477	159
3273	21.836477	159
3274	21.836477	159
3275	21.836477	159
3276	21.468355	158
3277	21.468355	158
3278	20.738853	157
3279	20.738853	157
3280	20.178345	157
3281	20.178345	157
3282	20.102564	156
3283	20.102564	156
3284	19.974522	157
3285	19.848101	158
3286	19.848101	158
3287	19.848101	158
3288	19.974522	157
3289	19.974522	157
3290	19.848101	158
3291	19.848101	158
3292	19.848101	158
3293	19.848101	158
3294	19.848101	158
3295	19.974522	157
3296	19.848101	158
3297	19.848101	158
3298	19.821655	157
3299	19.821655	157
3300	19.696203	158
3301	19.572327	159
3302	19.696203	158
3303	19.821655	157
3304	19.696203	158
3305	19.821655	157
3306	19.515924	157
3307	19.515924	157
3308	19.414013	157
3309	19.538462	156
3310	19.538462	156
3311	19.538462	156
3312	19.538462	156
3313	19.538462	156
3314	19.414013	157
3315	18.853502	157
3316	18.853502	157
3317	18.853502	157
3318	18.853502	157
3319	18.853502	157
3320	18.734177	158
3321	18.734177	158
3322	18.734177	158
3323	18.734177	158
3324	18.430380	158
3325	18.430380	158
3326	18.314465	159
3327	18.200001	160
3328	18.200001	160
3329	18.000000	160
3330	18.113207	159
3331	18.113207	159
3332	18.113207	159
3333	18.227848	158
3334	18.227848	158
3335	18.227848	158
3336	17.924051	158
3337	17.924051	158
3338	17.924051	158
3339	17.924051	158
3340	17.924051	158
3341	17.924051	158
3342	17.215189	158
3343	17.215189	158
3344	17.106918	159
3345	17.000000	160
3346	17.000000	160
3347	17.000000	160
3348	16.894409	161
3349	17.000000	160
3350	16.894409	161
3351	17.000000	160
3352	16.894409	161
3353	17.000000	160
3354	16.894409	161
3355	17.000000	160
3356	16.894409	161
3357	17.000000	160
3358	17.000000	160
3359	16.894409	161
3360	16.894409	161
3361	17.000000	160
3362	16.894409	161
3363	17.000000	160
3364	16.894409	161
3365	16.790123	162
3366	16.790123	162
3367	16.687117	163
3368	16.687117	163
3369	16.790123	162
3370	16.790123	162
3371	16.687117	163
3372	16.687117	163
3373	16.687117	163
3374	16.585365	164
3375	16.687117	163
3376	16.687117	163
3377	16.687117	163
3378	16.585365	164
3379	16.585365	164
3380	16.484848	165
3381	16.585365	164
3382	16.484848	165
3383	16.385542	166
3384	16.385542	166
3385	16.385542	166
3386	16.287426	167
3387	16.287426	167
3388	16.385542	166
3389	16.385542	166
3390	16.385542	166
3391	16.287426	167
3392	16.287426	167
3393	16.287426	167
3394	16.190475	168
3395	16.094675	169
3396	16.190475	168
3397	16.190475	168
3398	16.094675	169
3399	16.000000	170
3400	15.906433	171
3401	15.906433	171
3402	15.906433	171
3403	16.000000	170
3404	16.000000	170
3405	16.094675	169
3406	16.094675	169
3407	16.190475	168
3408	16.190475	168
3409	16.190475	168
3410	16.190475	168
3411	16.094675	169
3412	16.094675	169
3413	16.000000	170
3414	16.000000	170
3415	16.094675	169
3416	16.000000	170
3417	16.094675	169
3418	16.000000	170
3419	16.094675	169
3420	16.094675	169
3421	16.000000	170
3422	16.000000	170
3423	16.094675	169
3424	16.094675	169
3425	16.094675	169
3426	15.810651	169
3427	15.810651	169
3428	15.717647	170
3429	15.810651	169
3430	15.810651	169
3431	15.810651	169
3432	15.717647	170
3433	15.625731	171
3434	15.625731	171
3435	15.625731	171
3436	15.625731	171
3437	15.625731	171
3438	15.625731	171
3439	15.532164	171
3440	15.623529	170
3441	15.532164	171
3442	15.623529	170
3443	15.623529	170
3444	15.623529	170
3445	15.715977	169
3446	15.715977	169
3447	15.715977	169
3448	15.623529	170
3449	15.623529	170
3450	15.532164	171
3451	15.532164	171
3452	15.623529	170
3453	15.715977	169
3454	15.809524	168
3455	15.809524	168
3456	15.523809	168
3457	15.431952	169
3458	15.431952	169
3459	15.341176	170
3460	15.341176	170
3461	15.341176	170
3462	15.341176	170
3463	15.341176	170
3464	14.776470	170
3465	14.447059	170
3466	14.447059	170
3467	14.447059	170
3468	14.447059	170
3469	14.532544	169
3470	14.447059	170
3471	14.447059	170
3472	14.447059	170
3473	14.447059	170
3474	14.362573	171
3475	14.362573	171
3476	14.362573	171
3477	14.362573	171
3478	14.362573	171
3479	14.447059	170
3480	14.532544	169
3481	14.532544	169
3482	14.532544	169
3483	14.619047	168
3484	14.532544	169
3485	14.532544	169
3486	14.059172	169
3487	14.142858	168
3488	14.142858	168
3489	14.142858	168
3490	14.142858	168
3491	14.227545	167
3492	14.035928	167
3493	14.120481	166
3494	14.035928	167
3495	14.035928	167
3496	14.120481	166
3497	14.035928	167
3498	13.796407	167
3499	13.796407	167
3500	13.796407	167
3501	13.879519	166
3502	13.879519	166
3503	13.963636	165
3504	13.963636	165
3505	13.963636	165
3506	13.560976	164
3507	13.478787	165
3508	13.478787	165
3509	13.478787	165
3510	13.478787	165
3511	13.478787	165
3512	13.478787	165
3513	13.478787	165
3514	13.397591	166
3515	13.478787	165
3516	13.478787	165
3517	13.478787	165
3518	13.397591	166
3519	13.478787	165
3520	13.478787	165
3521	13.478787	165
3522	13.478787	165
3523	13.478787	165
3524	13.397591	166
3525	13.397591	166
3526	13.397591	166
3527	13.478787	165
3528	13.478787	165
3529	13.478787	165
3530	13.478787	165
3531	13.397591	166
3532	13.397591	166
3533	13.478787	165
3534	13.397591	166
3535	13.397591	166
3536	13.108434	166
3537	13.108434	166
3538	13.108434	166
3539	13.187879	165
3540	13.042424	165
3541	13.121951	164
3542	13.042424	165
3543	12.963856	166
3544	13.042424	165
3545	13.042424	165
3546	12.963856	166
3547	13.042424	165
3548	12.963856	166
3549	13.042424	165
3550	12.963856	166
3551	12.963856	166
3552	12.867470	166
3553	12.867470	166
3554	12.385542	166
3555	12.240964	166
3556	12.167665	167
3557	12.240964	166
3558	12.167665	167
3559	12.095238	168
3560	12.167665	167
3561	11.903614	166
3562	11.903614	166
3563	11.975758	165
3564	11.733334	165
3565	11.733334	165
3566	11.733334	165
3567	11.804878	164
3568	11.733334	165
3569	11.804878	164
3570	11.733334	165
3571	11.804878	164
3572	11.804878	164
3573	11.877300	163
3574	11.804878	164
3575	11.733334	165
3576	11.733334	165
3577	11.733334	165
3578	11.733334	165
3579	11.733334	165
3580	11.733334	165
3581	11.733334	165
3582	11.733334	165
3583	11.804878	164
3584	11.733334	165
3585	11.296969	165
3586	11.365853	164
3587	11.365853	164
3588	11.435583	163
3589	11.506173	162
3590	11.506173	162
3591	11.506173	162
3592	11.506173	162
3593	11.506173	162
3594	11.435583	163
3595	11.506173	162
3596	11.506173	162
3597	11.506173	162
3598	11.061728	162
3599	11.061728	162
3600	11.061728	162
3601	11.130435	161
3602	11.061728	162
3603	11.061728	162
3604	11.061728	162
3605	10.993865	163
3606	10.748466	163
3607	10.682927	164
3608	10.682927	164
3609	10.748466	163
3610	10.748466	163
3611	10.748466	163
3612	10.814815	162
3613	10.814815	162
3614	10.748466	163
3615	10.748466	163
3616	10.814815	162
3617	10.748466	163
3618	10.814815	162
3619	10.748466	163
3620	10.682927	164
3621	10.748466	163
3622	10.682927	164
3623	10.618182	165
3624	10.618182	165
3625	10.554217	166
3626	10.120481	166
3627	10.120481	166
3628	10.059880	167
3629	10.120481	166
3630	10.181818	165
3631	10.243902	164
3632	10.306748	163
3633	10.370370	162
3634	10.370370	162
3635	10.434783	161
3636	10.370370	162
3637	10.434783	161
3638	9.950000	160
3639	9.950000	160
3640	9.888199	161
3641	9.888199	161
3642	9.888199	161
3643	9.639751	161
3644	9.639751	161
3645	9.639751	161
3646	9.580247	162
3647	9.580247	162
3648	9.580247	162
3649	9.580247	162
3650	9.521472	163
3651	9.521472	163
3652	9.521472	163
3653	9.521472	163
3654	9.463414	164
3655	9.463414	164
3656	9.463414	164
3657	9.463414	164
3658	9.463414	164
3659	9.521472	163
3660	9.472393	163
3661	9.472393	163
3662	9.530864	162
3663	9.530864	162
3664	9.590062	161
3665	9.590062	161
3666	9.650000	160
3667	9.610063	159
3668	9.610063	159
3669	9.610063	159
3670	9.550000	160
3671	9.610063	159
3672	9.207547	159
3673	9.207547	159
3674	9.150000	160
3675	9.207547	159
3676	9.150000	160
3677	9.150000	160
3678	9.150000	160
3679	9.050000	160
3680	9.050000	160
3681	9.106918	159
3682	9.106918	159
3683	9.164557	158
3684	9.106918	159
3685	9.164557	158
3686	9.106918	159
3687	9.050000	160
3688	9.050000	160
3689	8.993789	161
3690	8.894410	161
3691	8.894410	161
3692	8.894410	161
3693	8.950000	160
3694	8.950000	160
3695	8.850000	160
3696	8.905661	159
3697	8.905661	159
3698	8.905661	159
3699	8.850000	160
3700	8.795031	161
3701	8.795031	161
3702	8.850000	160
3703	8.905661	159
3704	8.850000	160
3705	8.795031	161
3706	8.740741	162
3707	8.740741	162
3708	8.740741	162
3709	8.740741	162
3710	8.740741	162
3711	8.795031	161
3712	8.795031	161
3713	8.795031	161
3714	8.740741	162
3715	8.740741	162
3716	8.687117	163
3717	8.687117	163
3718	8.687117	163
3719	8.740741	162
3720	8.592592	162
3721	8.645963	161
3722	8.645963	161
3723	8.645963	161
3724	8.645963	161
3725	8.700000	160
3726	8.645963	161
3727	8.645963	161
3728	8.592592	162
3729	8.592592	162
3730	8.539877	163
3731	8.539877	163
3732	8.539877	163
3733	8.487804	164
3734	8.539877	163
3735	8.539877	163
3736	8.539877	163
3737	8.539877	163
3738	8.487804	164
3739	8.487804	164
3740	8.487804	164
3741	8.487804	164
3742	8.539877	163
3743	8.539877	163
3744	8.395061	162
3745	8.197531	162
3746	8.248447	161
3747	8.300000	160
3748	8.352201	159
3749	8.352201	159
3750	8.300000	160
3751	8.248447	161
3752	8.248447	161
3753	8.197531	162
3754	8.248447	161
3755	8.248447	161
3756	8.300000	160
3757	8.300000	160
3758	8.248447	161
3759	8.300000	160
3760	8.251573	159
3761	8.303798	158
3762	8.251573	159
3763	8.251573	159
3764	8.251573	159
3765	8.200000	160
3766	8.200000	160
3767	8.200000	160
3768	8.200000	160
3769	8.149068	161
3770	8.149068	161
3771	8.200000	160
3772	8.149068	161
3773	8.149068	161
3774	8.149068	161
3775	8.098765	162
3776	8.149068	161
3777	8.149068	161
3778	8.149068	161
3779	8.149068	161
3780	8.098765	162
3781	8.098765	162
3782	8.149068	161
3783	8.200000	160
3784	8.149068	161
3785	8.000000	161
3786	7.950617	162
3787	7.950617	162
3788	8.000000	161
3789	8.000000	161
3790	7.950617	162
3791	7.950617	162
3792	7.901841	163
3793	7.901841	163
3794	7.901841	163
3795	7.901841	163
3796	7.853659	164
3797	7.901841	163
3798	7.853659	164
3799	7.901841	163
3800	7.853659	164
3801	7.853659	164
3802	7.853659	164
3803	7.853659	164
3804	7.411043	163
3805	7.456790	162
3806	7.456790	162
3807	7.456790	162
3808	7.411043	163
3809	7.411043	163
3810	7.411043	163
3811	7.411043	163
3812	7.365854	164
3813	7.411043	163
3814	7.365854	164
3815	7.365854	164
3816	7.411043	163
3817	7.411043	163
3818	7.411043	163
3819	7.411043	163
3820	7.411043	163
3821	7.456790	162
3822	7.411043	163
3823	7.411043	163
3824	7.411043	163
3825	7.365854	164
3826	7.411043	163
3827	7.365854	164
3828	7.321212	165
3829	7.321212	165
3830	7.321212	165
3831	7.365854	164
3832	7.365854	164
3833	7.411043	163
3834	7.411043	163
3835	7.411043	163
3836	7.411043	163
3837	7.456790	162
3838	7.456790	162
3839	7.503106	161
3840	7.503106	161
3841	7.503106	161
3842	7.550000	160
3843	7.550000	160
3844	7.550000	160
3845	7.550000	160
3846	7.503106	161
3847	7.550000	160
3848	7.503106	161
3849	7.456790	162
3850	7.456790	162
3851	7.456790	162
3852	7.354037	161
3853	7.400000	160
3854	7.354037	161
3855	7.400000	160
3856	7.354037	161
3857	7.308642	162
3858	7.354037	161
3859	7.354037	161
3860	7.400000	160
3861	7.354037	161
3862	7.400000	160
3863	7.400000	160
3864	7.400000	160
3865	7.400000	160
3866	7.400000	160
3867	7.400000	160
3868	7.354037	161
3869	7.308642	162
3870	7.354037	161
3871	7.354037	161
3872	7.304348	161
3873	7.304348	161
3874	7.304348	161
3875	7.304348	161
3876	7.254658	161
3877	7.254658	161
3878	7.209877	162
3879	7.209877	162
3880	7.209877	162
3881	7.165644	163
3882	7.165644	163
3883	7.165644	163
3884	7.165644	163
3885	7.165644	163
3886	7.165644	163
3887	7.121951	164
3888	7.121951	164
3889	7.121951	164
3890	7.121951	164
3891	6.926829	164
3892	6.926829	164
3893	6.884849	165
3894	6.884849	165
3895	6.926829	164
3896	6.884849	165
3897	6.884849	165
3898	6.884849	165
3899	6.926829	164
3900	6.829268	164
3901	6.871166	163
3902	6.822086	163
3903	6.822086	163
3904	6.780488	164
3905	6.822086	163
3906	6.822086	163
3907	6.822086	163
3908	6.822086	163
3909	6.822086	163
3910	6.822086	163
3911	6.822086	163
3912	6.780488	164
3913	6.739394	165
3914	6.739394	165
3915	6.739394	165
3916	6.698795	166
3917	6.658683	167
3918	6.658683	167
3919	6.658683	167
3920	6.698795	166
3921	6.739394	165
3922	6.739394	165
3923	6.739394	165
3924	6.698795	166
3925	6.698795	166
3926	6.658683	167
3927	6.419162	167
3928	6.419162	167
3929	6.457831	166
3930	6.419162	167
3931	6.419162	167
3932	6.457831	166
3933	6.419162	167
3934	6.419162	167
3935	6.419162	167
3936	6.419162	167
3937	6.457831	166
3938	6.457831	166
3939	6.457831	166
3940	6.419162	167
3941	6.457831	166
3942	6.419162	167
3943	6.419162	167
3944	6.457831	166
3945	6.496970	165
3946	6.496970	165
3947	6.496970	165
3948	6.457831	166
3949	6.457831	166
3950	6.457831	166
3951	6.457831	166
3952	6.419162	167
3953	6.457831	166
3954	6.457831	166
3955	6.419162	167
3956	6.457831	166
3957	6.457831	166
3958	6.419162	167
3959	6.457831	166
3960	6.419162	167
3961	6.419162	167
3962	6.380952	168
3963	6.419162	167
3964	6.457831	166
3965	6.457831	166
3966	6.419162	167
3967	6.380952	168
3968	6.419162	167
3969	6.457831	166
3970	6.457831	166
3971	6.457831	166
3972	6.457831	166
3973	6.457831	166
3974	5.915152	165
3975	5.915152	165
3976	5.879518	166
3977	5.879518	166
3978	5.879518	166
3979	5.879518	166
3980	5.590362	166
3981	5.624242	165
3982	5.590362	166
3983	5.590362	166
3984	5.590362	166
3985	5.590362	166
3986	5.156627	166
3987	5.156627	166
3988	5.125749	167
3989	5.125749	167
3990	5.095238	168
3991	5.125749	167
3992	5.095238	168
3993	5.125749	167
3994	5.156627	166
3995	5.156627	166
3996	5.187879	165
3997	5.187879	165
3998	5.156627	166
3999	5.156627	166
4000	5.125749	167
4001	5.156627	166
4002	5.156627	166
4003	5.108434	166
4004	5.139394	165
4005	5.170732	164
4006	5.170732	164
4007	5.202454	163
4008	5.170732	164
4009	5.139394	165
4010	4.682927	164
4011	4.682927	164
4012	4.682927	164
4013	4.682927	164
4014	4.682927	164
4015	4.439024	164
4016	4.439024	164
4017	4.439024	164
4018	4.390244	164
4019	4.417178	163
4020	4.390244	164
4021	4.390244	164
4022	4.363636	165
4023	4.363636	165
4024	4.363636	165
4025	4.363636	165
4026	4.363636	165
4027	4.363636	165
4028	4.337349	166
4029	4.337349	166
4030	4.337349	166
4031	4.311377	167
4032	4.311377	167
4033	4.337349	166
4034	4.311377	167
4035	4.337349	166
4036	4.337349	166
4037	4.311377	167
4038	4.337349	166
4039	4.363636	165
4040	4.266667	165
4041	4.240964	166
4042	3.855422	166
4043	3.855422	166
4044	3.855422	166
4045	3.855422	166
4046	3.855422	166
4047	3.855422	166
4048	3.277108	166
4049	3.257485	167
4050	3.238095	168
4051	3.257485	167
4052	3.257485	167
4053	3.257485	167
4054	3.257485	167
4055	3.257485	167
4056	3.238095	168
4057	3.257485	167
4058	3.238095	168
4059	3.218935	169
4060	3.218935	169
4061	3.218935	169
4062	3.238095	168
4063	3.047619	168
4064	3.047619	168
4065	3.047619	168
4066	3.029586	169
4067	3.011765	170
4068	3.029586	169
4069	3.047619	168
4070	2.952381	168
4071	2.952381	168
4072	2.952381	168
4073	2.952381	168
4074	2.934911	169
4075	2.934911	169
4076	2.917647	170
4077	2.934911	169
4078	2.934911	169
4079	2.934911	169
4080	2.934911	169
4081	2.934911	169
4082	2.934911	169
4083	2.952381	168
4084	2.952381	168
4085	2.970060	167
4086	2.970060	167
4087	2.952381	168
4088	2.952381	168
4089	2.970060	167
4090	2.970060	167
4091	2.952381	168
4092	2.952381	168
4093	2.934911	169
4094	2.952381	168
4095	2.952381	168
4096	2.952381	168
4097	2.970060	167
4098	2.634731	167
4099	2.634731	167
4100	2.619048	168
4101	2.634731	167
4102	2.619048	168
4103	2.634731	167
4104	2.619048	168
4105	2.603550	169
4106	2.619048	168
4107	2.634731	167
4108	2.619048	168
4109	2.619048	168
4110	2.619048	168
4111	2.619048	168
4112	2.634731	167
4113	2.634731	167
4114	2.619048	168
4115	2.619048	168
4116	2.619048	168
4117	2.619048	168
4118	2.619048	168
4119	2.619048	168
4120	2.619048	168
4121	2.619048	168
4122	2.619048	168
4123	2.619048	168
4124	2.603550	169
4125	2.619048	168
4126	2.619048	168
4127	2.619048	168
4128	2.619048	168
4129	2.619048	168
4130	2.619048	168
4131	2.634731	167
4132	2.650602	166
4133	2.650602	166
4134	2.650602	166
4135	2.650602	166
4136	2.666667	165
4137	2.666667	165
4138	2.084848	165
4139	2.084848	165
4140	2.084848	165
4141	2.072289	166
4142	2.072289	166
4143	2.084848	165
4144	2.084848	165
4145	2.084848	165
4146	2.072289	166
4147	2.072289	166
4148	2.084848	165
4149	2.097561	164
4150	2.097561	164
4151	2.097561	164
4152	2.084848	165
4153	2.084848	165
4154	2.072289	166
4155	2.072289	166
4156	2.059880	167
4157	2.059880	167
4158	2.047619	168
4159	2.047619	168
4160	2.047619	168
4161	2.047619	168
4162	2.035503	169
4163	2.023530	170
4164	2.023530	170
4165	2.023530	170
4166	2.011696	171
4167	2.000000	172
4168	2.011696	171
4169	2.023530	170
4170	2.011696	171
4171	1.871345	171
4172	1.860465	172
4173	1.860465	172
4174	1.849711	173
4175	1.849711	173
4176	1.839080	174
4177	1.839080	174
4178	1.839080	174
4179	1.839080	174
4180	1.828571	175
4181	1.828571	175
4182	1.818182	176
4183	1.807910	177
4184	1.818182	176
4185	1.818182	176
4186	1.818182	176
4187	1.818182	176
4188	1.828571	175
4189	1.747126	174
4190	1.747126	174
4191	1.757225	173
4192	1.757225	173
4193	1.767442	172
4194	1.757225	173
4195	1.757225	173
4196	1.757225	173
4197	1.757225	173
4198	1.747126	174
4199	1.757225	173
4200	1.747126	174
4201	1.747126	174
4202	1.747126	174
4203	1.757225	173
4204	1.747126	174
4205	1.757225	173
4206	1.747126	174
4207	1.747126	174
4208	1.757225	173
4209	1.757225	173
4210	1.757225	173
4211	1.757225	173
4212	1.757225	173
4213	1.767442	172
4214	1.757225	173
4215	1.747126	174
4216	1.737143	175
4217	1.747126	174
4218	1.747126	174
4219	1.757225	173
4220	1.747126	174
4221	1.757225	173
4222	1.747126	174
4223	1.757225	173
4224	1.747126	174
4225	1.747126	174
4226	1.737143	175
4227	1.747126	174
4228	1.737143	175
4229	1.747126	174
4230	1.747126	174
4231	1.747126	174
4232	1.563218	174
4233	1.563218	174
4234	1.572254	173
4235	1.572254	173
4236	1.017341	173
4237	1.017341	173
4238	1.017341	173
4239	0.786127	173
4240	0.781609	174
4241	0.781609	174
4242	0.781609	174
4243	0.781609	174
4244	0.777143	175
4245	0.777143	175
4246	0.640000	175
4247	0.640000	175
4248	0.640000	175
4249	0.640000	175
4250	0.640000	175
4251	0.640000	175
4252	0.640000	175
4253	0.636364	176
4254	0.636364	176
4255	0.636364	176
4256	0.640000	175
4257	0.640000	175
4258	0.640000	175
4259	0.640000	175
4260	0.640000	175
4261	0.636364	176
4262	0.632768	177
4263	0.632768	177
4264	0.636364	176
4265	0.640000	175
4266	0.636364	176
4267	0.640000	175
4268	0.640000	175
4269	0.640000	175
4270	0.640000	175
4271	0.640000	175
4272	0.640000	175
4273	0.643678	174
4274	0.643678	174
4275	0.640000	175
4276	0.643678	174
4277	0.647399	173
4278	0.647399	173
4279	0.651163	172
4280	0.651163	172
4281	0.654971	171
4282	0.658824	170
4283	0.658824	170
4284	0.654971	171
4285	0.654971	171
4286	0.654971	171
4287	0.654971	171
4288	0.658824	170
4289	0.662722	169
4290	0.662722	169
4291	0.666667	168
4292	0.662722	169
4293	0.666667	168
4294	0.666667	168
4295	0.670659	167
4296	0.670659	167
4297	0.670659	167
4298	0.666667	168
4299	0.670659	167
4300	0.670659	167
4301	0.670659	167
4302	0.666667	168
4303	0.666667	168
4304	0.662722	169
4305	0.666667	168
4306	0.666667	168
4307	0.670659	167
4308	0.666667	168
4309	0.670659	167
4310	0.670659	167
4311	0.666667	168
4312	0.666667	168
4313	0.670659	167
4314	0.666667	168
4315	0.666667	168
4316	0.666667	168
4317	0.666667	168
4318	0.666667	168
4319	0.670659	167
4320	0.670659	167
4321	0.670659	167
4322	0.666667	168
4323	0.670659	167
4324	0.666667	168
4325	0.670659	167
4326	0.674699	166
4327	0.674699	166
4328	0.674699	166
4329	0.674699	166
4330	0.674699	166
4331	0.674699	166
4332	0.674699	166
4333	0.678788	165
4334	0.674699	166
4335	0.674699	166
4336	0.670659	167
4337	0.670659	167
4338	0.666667	168
4339	0.666667	168
4340	0.662722	169
4341	0.666667	168
4342	0.666667	168
4343	0.666667	168
4344	0.670659	167
4345	0.670659	167
4346	0.670659	167
4347	0.670659	167
4348	0.670659	167
4349	0.674699	166
4350	0.674699	166
4351	0.674699	166
4352	0.674699	166
4353	0.674699	166
4354	0.674699	166
4355	0.674699	166
4356	0.674699	166
4357	0.674699	166
4358	0.670659	167
4359	0.674699	166
4360	0.678788	165
4361	0.678788	165
4362	0.678788	165
4363	0.678788	165
4364	0.674699	166
4365	0.674699	166
4366	0.674699	166
4367	0.674699	166
4368	0.674699	166
4369	0.674699	166
4370	0.674699	166
4371	0.674699	166
4372	0.670659	167
4373	0.670659	167
4374	0.670659	167
4375	0.674699	166
4376	0.674699	166
4377	0.674699	166
4378	0.670659	167
4379	0.670659	167
4380	0.674699	166
4381	0.484848	165
4382	0.484848	165
4383	0.484848	165
4384	0.484848	165
4385	0.484848	165
4386	0.484848	165
4387	0.484848	165
4388	0.484848	165
4389	0.487805	164
4390	0.487805	164
4391	0.487805	164
4392	0.490798	163
4393	0.490798	163
4394	0.487805	164
4395	0.490798	163
4396	0.490798	163
4397	0.493827	162
4398	0.493827	162
4399	0.490798	163
4400	0.490798	163
4401	0.493827	162
4402	0.496894	161
4403	0.496894	161
4404	0.493827	162
4405	0.493827	162
4406	0.493827	162
4407	0.490798	163
4408	0.487805	164
4409	0.490798	163
4410	0.493827	162
4411	0.493827	162
4412	0.493827	162
4413	0.493827	162
4414	0.496894	161
4415	0.496894	161
4416	0.493827	162
4417	0.490798	163
4418	0.493827	162
4419	0.496894	161
4420	0.496894	161
4421	0.500000	160
4422	0.496894	161
4423	0.496894	161
4424	0.496894	161
4425	0.500000	160
4426	0.503145	159
4427	0.503145	159
4428	0.503145	159
4429	0.503145	159
4430	0.503145	159
4431	0.503145	159
4432	0.503145	159
4433	0.506329	158
4434	0.503145	159
4435	0.503145	159
4436	0.500000	160
4437	0.503145	159
4438	0.503145	159
4439	0.506329	158
4440	0.503145	159
4441	0.500000	160
4442	0.500000	160
4443	0.500000	160
4444	0.503145	159
4445	0.503145	159
4446	0.506329	158
4447	0.506329	158
4448	0.506329	158
4449	0.509554	157
4450	0.506329	158
4451	0.509554	157
4452	0.512821	156
4453	0.512821	156
4454	0.512821	156
4455	0.512821	156
4456	0.512821	156
4457	0.512821	156
4458	0.509554	157
4459	0.509554	157
4460	0.512821	156
4461	0.509554	157
4462	0.509554	157
4463	0.512821	156
4464	0.512821	156
4465	0.512821	156
4466	0.509554	157
4467	0.512821	156
4468	0.512821	156
4469	0.512821	156
4470	0.509554	157
4471	0.509554	157
4472	0.509554	157
4473	0.509554	157
4474	0.509554	157
4475	0.512821	156
4476	0.509554	157
4477	0.509554	157
4478	0.509554	157
4479	0.509554	157
4480	0.509554	157
4481	0.509554	157
4482	0.509554	157
4483	0.509554	157
4484	0.506329	158
4485	0.506329	158
4486	0.503145	159
4487	0.506329	158
4488	0.506329	158
4489	0.506329	158
4490	0.503145	159
4491	0.503145	159
4492	0.506329	158
4493	0.506329	158
4494	0.503145	159
4495	0.506329	158
4496	0.506329	158
4497	0.509554	157
4498	0.506329	158
4499	0.509554	157
4500	0.509554	157
4501	0.512821	156
4502	0.512821	156
4503	0.512821	156
4504	0.512821	156
4505	0.512821	156
4506	0.509554	157
4507	0.509554	157
4508	0.509554	157
4509	0.512821	156
4510	0.509554	157
4511	0.512821	156
4512	0.512821	156
4513	0.509554	157
4514	0.509554	157
4515	0.509554	157
4516	0.506329	158
4517	0.509554	157
4518	0.509554	157
4519	0.509554	157
4520	0.509554	157
4521	0.509554	157
4522	0.461538	156
4523	0.461538	156
4524	0.458599	157
4525	0.458599	157
4526	0.458599	157
4527	0.458599	157
4528	0.461538	156
4529	0.461538	156
4530	0.461538	156
4531	0.464516	155
4532	0.461538	156
4533	0.464516	155
4534	0.464516	155
4535	0.467532	154
4536	0.467532	154
4537	0.467532	154
4538	0.467532	154
4539	0.467532	154
4540	0.464516	155
4541	0.467532	154
4542	0.470588	153
4543	0.470588	153
4544	0.467532	154
4545	0.470588	153
4546	0.467532	154
4547	0.470588	153
4548	0.470588	153
4549	0.470588	153
4550	0.470588	153
4551	0.470588	153
4552	0.470588	153
4553	0.473684	152
4554	0.473684	152
4555	0.473684	152
4556	0.473684	152
4557	0.473684	152
4558	0.473684	152
4559	0.473684	152
4560	0.470588	153
4561	0.473684	152
4562	0.473684	152
4563	0.473684	152
4564	0.473684	152
4565	0.470588	153
4566	0.473684	152
4567	0.473684	152
4568	0.473684	152
4569	0.476821	151
4570	0.473684	152
4571	0.476821	151
4572	0.473684	152
4573	0.473684	152
4574	0.473684	152
4575	0.473684	152
4576	0.473684	152
4577	0.473684	152
4578	0.473684	152
4579	0.473684	152
4580	0.470588	153
4581	0.473684	152
4582	0.476821	151
4583	0.476821	151
4584	0.473684	152
4585	0.476821	151
4586	0.476821	151
4587	0.476821	151
4588	0.473684	152
4589	0.470588	153
4590	0.470588	153
4591	0.473684	152
4592	0.473684	152
4593	0.473684	152
4594	0.470588	153
4595	0.473684	152
4596	0.470588	153
4597	0.473684	152
4598	0.473684	152
4599	0.470588	153
4600	0.473684	152
4601	0.473684	152
4602	0.476821	151
4603	0.476821	151
4604	0.480000	150
4605	0.483221	149
4606	0.483221	149
4607	0.483221	149
4608	0.483221	149
4609	0.486486	148
4610	0.486486	148
4611	0.486486	148
4612	0.486486	148
4613	0.486486	148
4614	0.486486	148
4615	0.486486	148
4616	0.486486	148
4617	0.486486	148
4618	0.486486	148
4619	0.486486	148
4620	0.486486	148
4621	0.489796	147
4622	0.486486	148
4623	0.489796	147
4624	0.486486	148
4625	0.486486	148
4626	0.486486	148
4627	0.489796	147
4628	0.489796	147
4629	0.489796	147
4630	0.486486	148
4631	0.486486	148
4632	0.486486	148
4633	0.489796	147
4634	0.489796	147
4635	0.489796	147
4636	0.486486	148
4637	0.486486	148
4638	0.432432	148
4639	0.432432	148
4640	0.432432	148
4641	0.429530	149
4642	0.426667	150
4643	0.423841	151
4644	0.426667	150
4645	0.429530	149
4646	0.429530	149
4647	0.432432	148
4648	0.432432	148
4649	0.432432	148
4650	0.432432	148
4651	0.432432	148
4652	0.429530	149
4653	0.429530	149
4654	0.429530	149
4655	0.429530	149
4656	0.426667	150
4657	0.429530	149
4658	0.426667	150
4659	0.429530	149
4660	0.426667	150
4661	0.423841	151
4662	0.426667	150
4663	0.426667	150
4664	0.426667	150
4665	0.429530	149
4666	0.429530	149
4667	0.429530	149
4668	0.429530	149
4669	0.429530	149
4670	0.429530	149
4671	0.429530	149
4672	0.429530	149
4673	0.429530	149
4674	0.426667	150
4675	0.423841	151
4676	0.421053	152
4677	0.421053	152
4678	0.421053	152
4679	0.423841	151
4680	0.426667	150
4681	0.426667	150
4682	0.426667	150
4683	0.429530	149
4684	0.426667	150
4685	0.429530	149
4686	0.426667	150
4687	0.426667	150
4688	0.426667	150
4689	0.426667	150
4690	0.426667	150
4691	0.426667	150
4692	0.426667	150
4693	0.426667	150
4694	0.423841	151
4695	0.423841	151
4696	0.421053	152
4697	0.421053	152
4698	0.418301	153
4699	0.418301	153
4700	0.418301	153
4701	0.418301	153
4702	0.418301	153
4703	0.421053	152
4704	0.418301	153
4705	0.421053	152
4706	0.421053	152
4707	0.423841	151
4708	0.421053	152
4709	0.421053	152
4710	0.421053	152
4711	0.421053	152
4712	0.421053	152
4713	0.421053	152
4714	0.421053	152
4715	0.421053	152
4716	0.421053	152
4717	0.421053	152
4718	0.418301	153
4719	0.421053	152
4720	0.421053	152
4721	0.421053	152
4722	0.421053	152
4723	0.423841	151
4724	0.421053	152
4725	0.423841	151
4726	0.423841	151
4727	0.421053	152
4728	0.423841	151
4729	0.423841	151
4730	0.421053	152
4731	0.418301	153
4732	0.418301	153
4733	0.421053	152
4734	0.418301	153
4735	0.418301	153
4736	0.418301	153
4737	0.421053	152
4738	0.418301	153
4739	0.418301	153
4740	0.415584	154
4741	0.415584	154
4742	0.418301	153
4743	0.415584	154
4744	0.418301	153
4745	0.421053	152
4746	0.418301	153
4747	0.418301	153
4748	0.415584	154
4749	0.418301	153
4750	0.421053	152
4751	0.423841	151
4752	0.421053	152
4753	0.421053	152
4754	0.421053	152
4755	0.423841	151
4756	0.423841	151
4757	0.423841	151
4758	0.421053	152
4759	0.421053	152
4760	0.421053	152
4761	0.421053	152
4762	0.418301	153
4763	0.418301	153
4764	0.418301	153
4765	0.415584	154
4766	0.415584	154
4767	0.412903	155
4768	0.415584	154
4769	0.418301	153
4770	0.415584	154
4771	0.412903	155
4772	0.412903	155
4773	0.410256	156
4774	0.412903	155
4775	0.412903	155
4776	0.415584	154
4777	0.415584	154
4778	0.415584	154
4779	0.415584	154
4780	0.415584	154
4781	0.415584	154
4782	0.412903	155
4783	0.412903	155
4784	0.410256	156
4785	0.412903	155
4786	0.410256	156
4787	0.407643	157
4788	0.405063	158
4789	0.405063	158
4790	0.402516	159
4791	0.402516	159
4792	0.400000	160
4793	0.402516	159
4794	0.402516	159
4795	0.402516	159
4796	0.405063	158
4797	0.405063	158
4798	0.405063	158
4799	0.405063	158
4800	0.402516	159
4801	0.402516	159
4802	0.405063	158
4803	0.407643	157
4804	0.410256	156
4805	0.412903	155
4806	0.410256	156
4807	0.410256	156
4808	0.410256	156
4809	0.410256	156
4810	0.407643	157
4811	0.410256	156
4812	0.410256	156
4813	0.410256	156
4814	0.410256	156
4815	0.410256	156
4816	0.410256	156
4817	0.410256	156
4818	0.407643	157
4819	0.410256	156
4820	0.407643	157
4821	0.407643	157
4822	0.405063	158
4823	0.407643	157
4824	0.405063	158
4825	0.407643	157
4826	0.407643	157
4827	0.407643	157
4828	0.407643	157
4829	0.407643	157
4830	0.405063	158
4831	0.405063	158
4832	0.407643	157
4833	0.410256	156
4834	0.410256	156
4835	0.407643	157
4836	0.407643	157
4837	0.407643	157
4838	0.405063	158
4839	0.405063	158
4840	0.402516	159
4841	0.405063	158
4842	0.402516	159
4843	0.402516	159
4844	0.402516	159
4845	0.402516	159
4846	0.405063	158
4847	0.407643	157
4848	0.407643	157
4849	0.407643	157
4850	0.407643	157
4851	0.407643	157
4852	0.407643	157
4853	0.407643	157
4854	0.405063	158
4855	0.405063	158
4856	0.405063	158
4857	0.405063	158
4858	0.402516	159
4859	0.405063	158
4860	0.402516	159
4861	0.400000	160
4862	0.400000	160
4863	0.400000	160
4864	0.400000	160
4865	0.397516	161
4866	0.397516	161
4867	0.397516	161
4868	0.397516	161
4869	0.395062	162
4870	0.392638	163
4871	0.392638	163
4872	0.392638	163
4873	0.395062	162
4874	0.392638	163
4875	0.395062	162
4876	0.392638	163
4877	0.392638	163
4878	0.395062	162
4879	0.395062	162
4880	0.392638	163
4881	0.392638	163
4882	0.390244	164
4883	0.392638	163
4884	0.392638	163
4885	0.392638	163
4886	0.392638	163
4887	0.392638	163
4888	0.395062	162
4889	0.397516	161
4890	0.397516	161
4891	0.400000	160
4892	0.397516	161
4893	0.397516	161
4894	0.395062	162
4895	0.397516	161
4896	0.397516	161
4897	0.397516	161
4898	0.397516	161
4899	0.397516	161
4900	0.397516	161
4901	0.397516	161
4902	0.395062	162
4903	0.395062	162
4904	0.392638	163
4905	0.390244	164
4906	0.392638	163
4907	0.392638	163
4908	0.390244	164
4909	0.387879	165
4910	0.387879	165
4911	0.387879	165
4912	0.387879	165
4913	0.385542	166
4914	0.387879	165
4915	0.390244	164
4916	0.387879	165
4917	0.387879	165
4918	0.387879	165
4919	0.387879	165
4920	0.387879	165
4921	0.387879	165
4922	0.387879	165
4923	0.387879	165
4924	0.390244	164
4925	0.390244	164
4926	0.392638	163
4927	0.390244	164
4928	0.392638	163
4929	0.392638	163
4930	0.390244	164
4931	0.392638	163
4932	0.390244	164
4933	0.390244	164
4934	0.390244	164
4935	0.390244	164
4936	0.390244	164
4937	0.390244	164
4938	0.387879	165
4939	0.387879	165
4940	0.385542	166
4941	0.383234	167
4942	0.383234	167
4943	0.385542	166
4944	0.385542	166
4945	0.387879	165
4946	0.385542	166
4947	0.387879	165
4948	0.387879	165
4949	0.385542	166
4950	0.385542	166
4951	0.385542	166
4952	0.385542	166
4953	0.383234	167
4954	0.385542	166
4955	0.387879	165
4956	0.390244	164
4957	0.390244	164
4958	0.387879	165
4959	0.387879	165
4960	0.385542	166
4961	0.385542	166
4962	0.387879	165
4963	0.387879	165
4964	0.390244	164
4965	0.392638	163
4966	0.392638	163
4967	0.390244	164
4968	0.390244	164
4969	0.392638	163
4970	0.392638	163
4971	0.392638	163
4972	0.390244	164
4973	0.390244	164
4974	0.390244	164
4975	0.390244	164
4976	0.390244	164
4977	0.392638	163
4978	0.390244	164
4979	0.390244	164
4980	0.387879	165
4981	0.390244	164
4982	0.390244	164
4983	0.390244	164
4984	0.390244	164
4985	0.390244	164
4986	0.387879	165
4987	0.390244	164
4988	0.390244	164
4989	0.390244	164
4990	0.387879	165
4991	0.387879	165
4992	0.387879	165
4993	0.387879	165
4994	0.387879	165
4995	0.387879	165
4996	0.390244	164
4997	0.390244	164
4998	0.387879	165
4999	0.385542	166
5000	0.387879	165
