1	1
2	2
2	3
2	4
2	5
3	6
3	7
2	8
2	9
2	10
3	11
2	12
3	13
3	14
4	15
3	16
4	17
3	18
3	19
4	20
4	21
4	22
4	23
5	24
5	25
6	26
6	27
6	28
7	29
7	30
8	31
8	32
7	33
7	34
7	35
8	36
8	37
9	38
9	39
10	40
9	41
10	42
9	43
9	44
10	45
9	46
9	47
9	48
9	49
9	50
9	51
9	52
9	53
9	54
9	55
10	56
10	57
11	58
10	59
11	60
11	61
12	62
11	63
12	64
11	65
11	66
11	67
12	68
11	69
12	70
11	71
12	72
12	73
13	74
12	75
12	76
13	77
12	78
13	79
12	80
12	81
13	82
13	83
14	84
13	85
14	86
13	87
14	88
13	89
13	90
13	91
13	92
13	93
13	94
13	95
13	96
13	97
14	98
13	99
13	100
13	101
13	102
14	103
13	104
13	105
13	106
13	107
14	108
14	109
14	110
14	111
14	112
14	113
14	114
14	115
15	116
15	117
16	118
15	119
16	120
15	121
16	122
16	123
17	124
16	125
17	126
17	127
18	128
18	129
18	130
18	131
19	132
19	133
19	134
20	135
19	136
19	137
19	138
19	139
19	140
19	141
20	142
20	143
20	144
20	145
21	146
21	147
21	148
22	149
21	150
22	151
21	152
22	153
22	154
23	155
22	156
22	157
23	158
23	159
23	160
23	161
23	162
23	163
24	164
24	165
24	166
25	167
24	168
25	169
24	170
25	171
24	172
24	173
25	174
25	175
25	176
26	177
26	178
26	179
27	180
27	181
28	182
27	183
28	184
27	185
27	186
28	187
28	188
28	189
29	190
29	191
30	192
30	193
30	194
31	195
31	196
32	197
31	198
31	199
32	200
32	201
33	202
32	203
32	204
33	205
32	206
32	207
32	208
33	209
32	210
33	211
33	212
33	213
33	214
34	215
34	216
34	217
35	218
35	219
35	220
36	221
35	222
36	223
35	224
36	225
36	226
37	227
37	228
37	229
38	230
37	231
38	232
37	233
38	234
37	235
38	236
38	237
38	238
39	239
38	240
38	241
38	242
39	243
39	244
39	245
39	246
40	247
39	248
39	249
39	250
40	251
39	252
40	253
39	254
40	255
40	256
40	257
40	258
40	259
40	260
41	261
41	262
42	263
42	264
43	265
43	266
43	267
43	268
44	269
44	270
44	271
45	272
44	273
45	274
44	275
44	276
45	277
45	278
45	279
46	280
45	281
45	282
46	283
45	284
45	285
46	286
45	287
46	288
45	289
45	290
45	291
45	292
46	293
45	294
45	295
46	296
45	297
46	298
45	299
45	300
46	301
45	302
45	303
46	304
45	305
46	306
46	307
47	308
47	309
48	310
47	311
47	312
48	313
48	314
49	315
48	316
49	317
49	318
49	319
50	320
49	321
49	322
50	323
50	324
50	325
50	326
51	327
51	328
51	329
52	330
51	331
52	332
51	333
51	334
52	335
52	336
52	337
53	338
53	339
53	340
54	341
54	342
55	343
54	344
54	345
54	346
55	347
54	348
54	349
54	350
55	351
55	352
55	353
55	354
55	355
56	356
55	357
55	358
55	359
56	360
56	361
56	362
56	363
57	364
57	365
57	366
57	367
58	368
57	369
57	370
58	371
58	372
59	373
59	374
60	375
60	376
59	377
60	378
60	379
61	380
60	381
60	382
60	383
60	384
60	385
60	386
61	387
60	388
61	389
61	390
61	391
62	392
62	393
63	394
62	395
63	396
63	397
64	398
64	399
65	400
64	401
65	402
65	403
65	404
66	405
65	406
66	407
66	408
67	409
67	410
67	411
67	412
68	413
67	414
67	415
68	416
67	417
67	418
67	419
68	420
67	421
67	422
67	423
68	424
68	425
69	426
68	427
69	428
68	429
68	430
69	431
69	432
69	433
69	434
70	435
70	436
70	437
71	438
70	439
70	440
70	441
71	442
70	443
71	444
70	445
70	446
70	447
71	448
70	449
71	450
70	451
70	452
70	453
71	454
71	455
71	456
71	457
71	458
72	459
72	460
72	461
73	462
72	463
73	464
73	465
73	466
73	467
73	468
73	469
73	470
73	471
74	472
73	473
74	474
73	475
73	476
74	477
74	478
75	479
75	480
75	481
76	482
75	483
76	484
75	485
75	486
76	487
75	488
75	489
75	490
76	491
76	492
76	493
76	494
77	495
76	496
76	497
77	498
77	499
78	500
78	501
77	502
77	503
77	504
78	505
78	506
78	507
79	508
78	509
79	510
78	511
79	512
79	513
80	514
79	515
80	516
79	517
80	518
79	519
80	520
79	521
78	522
78	523
79	524
79	525
79	526
79	527
79	528
79	529
80	530
79	531
79	532
79	533
79	534
79	535
80	536
80	537
80	538
81	539
81	540
82	541
81	542
81	543
82	544
82	545
83	546
82	547
82	548
82	549
82	550
82	551
83	552
83	553
83	554
84	555
84	556
84	557
85	558
85	559
86	560
85	561
85	562
85	563
86	564
86	565
86	566
87	567
86	568
87	569
86	570
87	571
86	572
86	573
87	574
87	575
87	576
88	577
88	578
89	579
88	580
89	581
89	582
89	583
90	584
90	585
91	586
91	587
92	588
91	589
92	590
91	591
91	592
92	593
92	594
92	595
93	596
92	597
93	598
93	599
94	600
93	601
93	602
94	603
94	604
95	605
95	606
96	607
95	608
95	609
95	610
95	611
96	612
96	613
97	614
96	615
96	616
96	617
96	618
97	619
97	620
98	621
98	622
99	623
99	624
100	625
100	626
101	627
101	628
101	629
101	630
101	631
102	632
102	633
103	634
102	635
102	636
103	637
103	638
103	639
104	640
103	641
103	642
103	643
103	644
103	645
104	646
103	647
103	648
103	649
104	650
104	651
104	652
104	653
104	654
104	655
104	656
104	657
104	658
104	659
105	660
105	661
105	662
106	663
106	664
106	665
106	666
107	667
106	668
106	669
106	670
107	671
107	672
107	673
107	674
108	675
107	676
108	677
108	678
109	679
109	680
109	681
109	682
108	683
109	684
108	685
108	686
109	687
109	688
110	689
110	690
110	691
110	692
111	693
111	694
112	695
111	696
111	697
112	698
112	699
112	700
112	701
112	702
113	703
113	704
113	705
114	706
114	707
115	708
114	709
114	710
115	711
115	712
115	713
115	714
116	715
116	716
117	717
117	718
118	719
117	720
117	721
118	722
118	723
119	724
118	725
118	726
118	727
119	728
119	729
119	730
119	731
120	732
120	733
120	734
120	735
121	736
120	737
121	738
120	739
120	740
120	741
120	742
120	743
120	744
120	745
120	746
120	747
120	748
121	749
121	750
122	751
122	752
122	753
122	754
122	755
123	756
123	757
124	758
124	759
125	760
124	761
125	762
125	763
125	764
125	765
126	766
125	767
126	768
125	769
125	770
126	771
126	772
126	773
127	774
127	775
128	776
128	777
129	778
128	779
128	780
128	781
128	782
128	783
128	784
128	785
129	786
129	787
130	788
130	789
130	790
130	791
131	792
130	793
130	794
130	795
131	796
130	797
131	798
131	799
132	800
131	801
132	802
131	803
132	804
131	805
132	806
131	807
132	808
131	809
131	810
131	811
131	812
132	813
131	814
131	815
131	816
131	817
131	818
131	819
132	820
131	821
131	822
131	823
132	824
132	825
132	826
133	827
132	828
133	829
133	830
134	831
134	832
134	833
135	834
134	835
135	836
134	837
135	838
135	839
136	840
135	841
136	842
135	843
135	844
136	845
136	846
137	847
137	848
138	849
137	850
137	851
137	852
138	853
137	854
137	855
137	856
138	857
138	858
138	859
139	860
138	861
139	862
139	863
138	864
139	865
138	866
138	867
139	868
138	869
138	870
138	871
138	872
139	873
138	874
138	875
139	876
138	877
138	878
139	879
138	880
139	881
138	882
138	883
139	884
138	885
139	886
139	887
140	888
139	889
140	890
140	891
140	892
140	893
140	894
141	895
140	896
140	897
140	898
140	899
141	900
141	901
142	902
142	903
142	904
143	905
142	906
142	907
142	908
142	909
142	910
143	911
142	912
143	913
142	914
143	915
143	916
144	917
144	918
145	919
145	920
144	921
144	922
144	923
144	924
145	925
145	926
146	927
145	928
145	929
145	930
145	931
146	932
145	933
145	934
145	935
145	936
146	937
145	938
146	939
146	940
146	941
146	942
146	943
146	944
147	945
146	946
146	947
146	948
146	949
146	950
147	951
147	952
148	953
148	954
149	955
149	956
150	957
149	958
150	959
149	960
149	961
149	962
150	963
149	964
149	965
149	966
149	967
150	968
150	969
150	970
150	971
150	972
150	973
151	974
151	975
152	976
152	977
153	978
153	979
154	980
154	981
155	982
155	983
156	984
156	985
157	986
156	987
157	988
156	989
157	990
157	991
157	992
158	993
158	994
159	995
159	996
159	997
159	998
160	999
159	1000
159	1001
160	1002
160	1003
159	1004
159	1005
160	1006
160	1007
160	1008
160	1009
161	1010
161	1011
161	1012
162	1013
161	1014
162	1015
161	1016
162	1017
161	1018
161	1019
162	1020
161	1021
162	1022
162	1023
163	1024
162	1025
162	1026
162	1027
162	1028
163	1029
163	1030
164	1031
164	1032
164	1033
164	1034
164	1035
164	1036
164	1037
164	1038
164	1039
165	1040
165	1041
166	1042
165	1043
165	1044
166	1045
165	1046
166	1047
165	1048
165	1049
165	1050
165	1051
166	1052
166	1053
166	1054
167	1055
167	1056
168	1057
167	1058
168	1059
168	1060
168	1061
169	1062
169	1063
170	1064
169	1065
170	1066
170	1067
171	1068
171	1069
171	1070
172	1071
171	1072
171	1073
172	1074
171	1075
172	1076
172	1077
172	1078
173	1079
172	1080
172	1081
173	1082
172	1083
172	1084
173	1085
172	1086
173	1087
173	1088
173	1089
173	1090
174	1091
173	1092
174	1093
173	1094
174	1095
174	1096
174	1097
174	1098
174	1099
174	1100
174	1101
174	1102
174	1103
174	1104
174	1105
175	1106
175	1107
174	1108
175	1109
175	1110
176	1111
175	1112
176	1113
176	1114
177	1115
176	1116
177	1117
177	1118
178	1119
178	1120
178	1121
177	1122
176	1123
177	1124
177	1125
177	1126
178	1127
177	1128
178	1129
177	1130
178	1131
178	1132
179	1133
179	1134
180	1135
179	1136
179	1137
180	1138
180	1139
180	1140
180	1141
180	1142
181	1143
180	1144
181	1145
181	1146
182	1147
181	1148
181	1149
182	1150
182	1151
182	1152
182	1153
182	1154
182	1155
183	1156
182	1157
182	1158
182	1159
182	1160
182	1161
183	1162
182	1163
183	1164
183	1165
183	1166
184	1167
184	1168
185	1169
184	1170
185	1171
185	1172
185	1173
185	1174
185	1175
185	1176
186	1177
186	1178
186	1179
187	1180
186	1181
187	1182
186	1183
186	1184
187	1185
187	1186
188	1187
188	1188
188	1189
187	1190
188	1191
188	1192
189	1193
188	1194
187	1195
187	1196
188	1197
187	1198
187	1199
187	1200
188	1201
187	1202
188	1203
188	1204
189	1205
188	1206
188	1207
188	1208
189	1209
189	1210
190	1211
190	1212
190	1213
190	1214
190	1215
190	1216
190	1217
191	1218
190	1219
191	1220
191	1221
191	1222
192	1223
191	1224
192	1225
191	1226
192	1227
191	1228
192	1229
191	1230
192	1231
191	1232
192	1233
192	1234
192	1235
193	1236
193	1237
193	1238
192	1239
192	1240
193	1241
192	1242
192	1243
193	1244
192	1245
193	1246
192	1247
192	1248
192	1249
192	1250
192	1251
192	1252
192	1253
192	1254
193	1255
193	1256
193	1257
193	1258
193	1259
193	1260
193	1261
194	1262
194	1263
194	1264
195	1265
194	1266
194	1267
195	1268
194	1269
195	1270
194	1271
195	1272
194	1273
194	1274
194	1275
194	1276
195	1277
195	1278
196	1279
196	1280
196	1281
197	1282
196	1283
196	1284
196	1285
196	1286
196	1287
197	1288
196	1289
196	1290
197	1291
197	1292
198	1293
197	1294
198	1295
198	1296
199	1297
198	1298
199	1299
198	1300
198	1301
198	1302
198	1303
198	1304
199	1305
199	1306
200	1307
199	1308
200	1309
199	1310
199	1311
200	1312
200	1313
201	1314
200	1315
200	1316
201	1317
201	1318
201	1319
201	1320
202	1321
201	1322
201	1323
202	1324
202	1325
203	1326
202	1327
202	1328
202	1329
202	1330
202	1331
202	1332
203	1333
203	1334
204	1335
203	1336
203	1337
203	1338
204	1339
203	1340
203	1341
204	1342
203	1343
203	1344
203	1345
204	1346
204	1347
205	1348
204	1349
204	1350
205	1351
204	1352
204	1353
204	1354
205	1355
204	1356
205	1357
205	1358
206	1359
205	1360
205	1361
206	1362
206	1363
207	1364
206	1365
207	1366
206	1367
207	1368
206	1369
207	1370
207	1371
207	1372
207	1373
207	1374
207	1375
208	1376
208	1377
209	1378
208	1379
208	1380
209	1381
209	1382
210	1383
210	1384
209	1385
210	1386
209	1387
210	1388
210	1389
211	1390
210	1391
211	1392
210	1393
210	1394
210	1395
211	1396
210	1397
211	1398
211	1399
211	1400
212	1401
212	1402
213	1403
212	1404
212	1405
212	1406
212	1407
213	1408
213	1409
213	1410
214	1411
213	1412
214	1413
214	1414
215	1415
215	1416
215	1417
215	1418
216	1419
215	1420
215	1421
216	1422
216	1423
216	1424
216	1425
216	1426
216	1427
217	1428
216	1429
217	1430
216	1431
216	1432
217	1433
216	1434
217	1435
216	1436
217	1437
216	1438
217	1439
216	1440
216	1441
217	1442
216	1443
217	1444
216	1445
217	1446
216	1447
217	1448
217	1449
217	1450
217	1451
217	1452
217	1453
218	1454
217	1455
218	1456
217	1457
218	1458
217	1459
217	1460
218	1461
218	1462
219	1463
218	1464
219	1465
219	1466
220	1467
219	1468
220	1469
219	1470
219	1471
220	1472
220	1473
221	1474
220	1475
221	1476
221	1477
222	1478
222	1479
222	1480
222	1481
223	1482
223	1483
223	1484
224	1485
224	1486
225	1487
225	1488
225	1489
225	1490
226	1491
226	1492
226	1493
226	1494
226	1495
227	1496
227	1497
227	1498
226	1499
226	1500
226	1501
226	1502
226	1503
226	1504
226	1505
227	1506
227	1507
227	1508
228	1509
227	1510
227	1511
227	1512
227	1513
227	1514
228	1515
228	1516
228	1517
228	1518
229	1519
229	1520
229	1521
230	1522
229	1523
229	1524
229	1525
229	1526
230	1527
230	1528
231	1529
231	1530
231	1531
232	1532
232	1533
232	1534
233	1535
232	1536
232	1537
233	1538
232	1539
232	1540
233	1541
233	1542
233	1543
233	1544
233	1545
234	1546
234	1547
234	1548
235	1549
234	1550
235	1551
235	1552
235	1553
235	1554
236	1555
236	1556
237	1557
237	1558
237	1559
236	1560
237	1561
236	1562
236	1563
237	1564
237	1565
237	1566
238	1567
237	1568
237	1569
238	1570
237	1571
237	1572
238	1573
237	1574
237	1575
237	1576
238	1577
238	1578
239	1579
238	1580
239	1581
238	1582
239	1583
238	1584
238	1585
239	1586
239	1587
239	1588
239	1589
240	1590
240	1591
241	1592
240	1593
241	1594
241	1595
242	1596
242	1597
242	1598
242	1599
243	1600
243	1601
243	1602
243	1603
244	1604
243	1605
244	1606
243	1607
243	1608
244	1609
243	1610
244	1611
243	1612
243	1613
244	1614
244	1615
244	1616
245	1617
244	1618
245	1619
245	1620
245	1621
246	1622
246	1623
247	1624
246	1625
247	1626
247	1627
247	1628
247	1629
247	1630
247	1631
248	1632
248	1633
248	1634
248	1635
249	1636
249	1637
249	1638
250	1639
249	1640
250	1641
250	1642
250	1643
251	1644
251	1645
250	1646
250	1647
251	1648
251	1649
252	1650
251	1651
252	1652
251	1653
252	1654
251	1655
252	1656
251	1657
251	1658
251	1659
251	1660
252	1661
251	1662
252	1663
251	1664
251	1665
252	1666
251	1667
251	1668
251	1669
252	1670
252	1671
252	1672
252	1673
253	1674
252	1675
252	1676
253	1677
253	1678
253	1679
254	1680
253	1681
254	1682
254	1683
255	1684
254	1685
254	1686
255	1687
254	1688
255	1689
254	1690
255	1691
255	1692
255	1693
255	1694
255	1695
256	1696
255	1697
255	1698
255	1699
256	1700
256	1701
256	1702
257	1703
257	1704
257	1705
258	1706
258	1707
259	1708
259	1709
260	1710
259	1711
259	1712
259	1713
259	1714
260	1715
260	1716
261	1717
261	1718
262	1719
261	1720
262	1721
261	1722
262	1723
262	1724
262	1725
263	1726
263	1727
264	1728
263	1729
263	1730
263	1731
263	1732
264	1733
263	1734
264	1735
264	1736
265	1737
264	1738
265	1739
264	1740
265	1741
264	1742
265	1743
264	1744
264	1745
265	1746
265	1747
266	1748
265	1749
265	1750
266	1751
266	1752
266	1753
266	1754
267	1755
266	1756
266	1757
267	1758
267	1759
267	1760
268	1761
267	1762
268	1763
267	1764
268	1765
267	1766
268	1767
268	1768
269	1769
268	1770
268	1771
269	1772
269	1773
270	1774
270	1775
270	1776
270	1777
271	1778
270	1779
270	1780
270	1781
271	1782
270	1783
271	1784
271	1785
272	1786
271	1787
272	1788
272	1789
271	1790
271	1791
271	1792
271	1793
272	1794
272	1795
272	1796
272	1797
273	1798
272	1799
272	1800
272	1801
273	1802
273	1803
274	1804
274	1805
274	1806
274	1807
274	1808
274	1809
275	1810
274	1811
274	1812
275	1813
275	1814
275	1815
276	1816
275	1817
276	1818
275	1819
275	1820
276	1821
276	1822
277	1823
276	1824
277	1825
276	1826
276	1827
276	1828
276	1829
277	1830
276	1831
277	1832
277	1833
278	1834
277	1835
278	1836
278	1837
278	1838
279	1839
278	1840
278	1841
279	1842
278	1843
279	1844
278	1845
278	1846
278	1847
278	1848
279	1849
279	1850
280	1851
279	1852
279	1853
279	1854
279	1855
279	1856
279	1857
280	1858
279	1859
279	1860
280	1861
279	1862
280	1863
279	1864
280	1865
280	1866
281	1867
281	1868
281	1869
281	1870
281	1871
281	1872
282	1873
282	1874
283	1875
282	1876
282	1877
282	1878
283	1879
283	1880
283	1881
283	1882
284	1883
284	1884
285	1885
285	1886
285	1887
286	1888
285	1889
286	1890
285	1891
285	1892
286	1893
286	1894
286	1895
287	1896
286	1897
286	1898
287	1899
286	1900
287	1901
287	1902
287	1903
288	1904
287	1905
288	1906
287	1907
287	1908
288	1909
288	1910
289	1911
289	1912
290	1913
289	1914
290	1915
290	1916
291	1917
291	1918
292	1919
292	1920
291	1921
291	1922
292	1923
292	1924
293	1925
292	1926
293	1927
293	1928
293	1929
294	1930
293	1931
294	1932
294	1933
295	1934
294	1935
295	1936
294	1937
294	1938
294	1939
295	1940
294	1941
294	1942
294	1943
295	1944
295	1945
295	1946
294	1947
295	1948
295	1949
295	1950
296	1951
296	1952
295	1953
295	1954
295	1955
295	1956
295	1957
295	1958
295	1959
295	1960
296	1961
295	1962
296	1963
296	1964
297	1965
297	1966
298	1967
297	1968
298	1969
297	1970
298	1971
297	1972
298	1973
297	1974
298	1975
298	1976
299	1977
299	1978
299	1979
299	1980
299	1981
300	1982
299	1983
300	1984
300	1985
300	1986
301	1987
301	1988
301	1989
302	1990
302	1991
302	1992
303	1993
302	1994
303	1995
302	1996
303	1997
303	1998
302	1999
302	2000
302	2001
302	2002
302	2003
303	2004
303	2005
304	2006
303	2007
304	2008
303	2009
303	2010
304	2011
304	2012
305	2013
305	2014
305	2015
305	2016
306	2017
306	2018
307	2019
307	2020
307	2021
308	2022
308	2023
308	2024
309	2025
309	2026
310	2027
309	2028
310	2029
309	2030
310	2031
309	2032
309	2033
310	2034
310	2035
311	2036
311	2037
311	2038
312	2039
311	2040
312	2041
311	2042
312	2043
311	2044
311	2045
312	2046
311	2047
312	2048
311	2049
312	2050
312	2051
313	2052
313	2053
314	2054
314	2055
314	2056
315	2057
315	2058
316	2059
316	2060
316	2061
317	2062
316	2063
316	2064
316	2065
317	2066
317	2067
317	2068
318	2069
317	2070
318	2071
318	2072
318	2073
318	2074
318	2075
319	2076
318	2077
318	2078
319	2079
318	2080
319	2081
319	2082
319	2083
319	2084
320	2085
319	2086
319	2087
320	2088
320	2089
321	2090
320	2091
320	2092
320	2093
320	2094
321	2095
320	2096
321	2097
321	2098
322	2099
321	2100
321	2101
322	2102
321	2103
322	2104
322	2105
322	2106
322	2107
323	2108
323	2109
323	2110
323	2111
324	2112
324	2113
324	2114
325	2115
324	2116
324	2117
324	2118
325	2119
325	2120
325	2121
325	2122
325	2123
326	2124
325	2125
326	2126
326	2127
326	2128
326	2129
326	2130
327	2131
327	2132
328	2133
327	2134
328	2135
328	2136
328	2137
328	2138
329	2139
329	2140
330	2141
329	2142
329	2143
329	2144
330	2145
330	2146
330	2147
330	2148
331	2149
330	2150
330	2151
331	2152
331	2153
332	2154
332	2155
333	2156
333	2157
333	2158
334	2159
334	2160
334	2161
335	2162
334	2163
335	2164
334	2165
335	2166
334	2167
335	2168
335	2169
336	2170
335	2171
336	2172
335	2173
336	2174
335	2175
336	2176
335	2177
335	2178
336	2179
336	2180
336	2181
337	2182
336	2183
337	2184
336	2185
337	2186
337	2187
337	2188
338	2189
338	2190
339	2191
339	2192
339	2193
340	2194
340	2195
340	2196
341	2197
341	2198
341	2199
341	2200
341	2201
342	2202
341	2203
342	2204
342	2205
342	2206
343	2207
343	2208
343	2209
344	2210
343	2211
343	2212
343	2213
343	2214
343	2215
344	2216
344	2217
344	2218
344	2219
345	2220
345	2221
345	2222
345	2223
345	2224
346	2225
345	2226
345	2227
346	2228
345	2229
345	2230
346	2231
346	2232
346	2233
347	2234
347	2235
348	2236
347	2237
347	2238
347	2239
347	2240
348	2241
347	2242
348	2243
347	2244
347	2245
348	2246
348	2247
348	2248
349	2249
349	2250
349	2251
349	2252
350	2253
349	2254
350	2255
349	2256
349	2257
350	2258
350	2259
351	2260
350	2261
350	2262
351	2263
350	2264
350	2265
351	2266
351	2267
352	2268
352	2269
353	2270
352	2271
352	2272
352	2273
353	2274
353	2275
353	2276
354	2277
354	2278
355	2279
355	2280
356	2281
